0.01 0.642718 0.236790 0.728590 0.800447 0.865870 1.162158 0.034911 0.407902 0.0 0.0
0.02 0.642718 0.236790 0.728590 0.800447 0.865870 1.162158 0.034911 0.407902 0.0 0.0
0.03 0.642718 0.236790 0.728590 0.800447 0.865870 1.162158 0.034911 0.407902 0.0 0.0
0.04 0.642718 0.236790 0.728590 0.800447 0.865870 1.162158 0.034911 0.407902 0.0 0.0
0.05 0.642718 0.236790 0.728590 0.800447 0.865870 1.162158 0.034911 0.407902 0.0 0.0
1.01 0.714598 0.226515 0.661846 0.783996 0.811934 1.187351 0.032561 0.392918 0.0 0.0
1.02 0.714598 0.226515 0.661846 0.783996 0.811934 1.187351 0.032561 0.392918 0.0 0.0
1.03 0.714598 0.226515 0.661846 0.783996 0.811934 1.187351 0.032561 0.392918 0.0 0.0
1.04 0.714598 0.226515 0.661846 0.783996 0.811934 1.187351 0.032561 0.392918 0.0 0.0
1.05 0.714598 0.226515 0.661846 0.783996 0.811934 1.187351 0.032561 0.392918 0.0 0.0
2.01 0.699822 0.235082 0.674526 0.701061 0.907846 1.289825 0.038640 0.349188 0.0 0.0
2.02 0.699822 0.235082 0.674526 0.701061 0.907846 1.289825 0.038640 0.349188 0.0 0.0
2.03 0.699822 0.235082 0.674526 0.701061 0.907846 1.289825 0.038640 0.349188 0.0 0.0
2.04 0.699822 0.235082 0.674526 0.701061 0.907846 1.289825 0.038640 0.349188 0.0 0.0
2.05 0.699822 0.235082 0.674526 0.701061 0.907846 1.289825 0.038640 0.349188 0.0 0.0
3.01 0.720121 0.215836 0.659424 0.700464 0.980959 1.248913 0.034032 0.419148 0.0 0.0
3.02 0.720121 0.215836 0.659424 0.700464 0.980959 1.248913 0.034032 0.419148 0.0 0.0
3.03 0.720121 0.215836 0.659424 0.700464 0.980959 1.248913 0.034032 0.419148 0.0 0.0
3.04 0.720121 0.215836 0.659424 0.700464 0.980959 1.248913 0.034032 0.419148 0.0 0.0
3.05 0.720121 0.215836 0.659424 0.700464 0.980959 1.248913 0.034032 0.419148 0.0 0.0
4.01 0.642255 0.199096 0.740182 0.736327 0.979562 1.333908 0.033771 0.384432 0.0 0.0
4.02 0.642255 0.199096 0.740182 0.736327 0.979562 1.333908 0.033771 0.384432 0.0 0.0
4.03 0.642255 0.199096 0.740182 0.736327 0.979562 1.333908 0.033771 0.384432 0.0 0.0
4.04 0.642255 0.199096 0.740182 0.736327 0.979562 1.333908 0.033771 0.384432 0.0 0.0
4.05 0.642255 0.199096 0.740182 0.736327 0.979562 1.333908 0.033771 0.384432 0.0 0.0
5.01 0.640978 0.228394 0.732792 0.780795 0.928051 1.142192 0.037214 0.398481 0.0 0.0
5.02 0.640978 0.228394 0.732792 0.780795 0.928051 1.142192 0.037214 0.398481 0.0 0.0
5.03 0.640978 0.228394 0.732792 0.780795 0.928051 1.142192 0.037214 0.398481 0.0 0.0
5.04 0.640978 0.228394 0.732792 0.780795 0.928051 1.142192 0.037214 0.398481 0.0 0.0
5.05 0.640978 0.228394 0.732792 0.780795 0.928051 1.142192 0.037214 0.398481 0.0 0.0
6.01 0.691586 0.198930 0.694360 0.689341 0.864582 1.105369 0.035720 0.358348 0.0 0.0
6.02 0.691586 0.198930 0.694360 0.689341 0.864582 1.105369 0.035720 0.358348 0.0 0.0
6.03 0.691586 0.198930 0.694360 0.689341 0.864582 1.105369 0.035720 0.358348 0.0 0.0
6.04 0.691586 0.198930 0.694360 0.689341 0.864582 1.105369 0.035720 0.358348 0.0 0.0
6.05 0.691586 0.198930 0.694360 0.689341 0.864582 1.105369 0.035720 0.358348 0.0 0.0
7.01 0.690323 0.220293 0.689148 0.707943 0.913260 1.131295 0.035097 0.351705 0.0 0.0
7.02 0.690323 0.220293 0.689148 0.707943 0.913260 1.131295 0.035097 0.351705 0.0 0.0
7.03 0.690323 0.220293 0.689148 0.707943 0.913260 1.131295 0.035097 0.351705 0.0 0.0
7.04 0.690323 0.220293 0.689148 0.707943 0.913260 1.131295 0.035097 0.351705 0.0 0.0
7.05 0.690323 0.220293 0.689148 0.707943 0.913260 1.131295 0.035097 0.351705 0.0 0.0
8.01 0.630272 0.224269 0.743277 0.704065 0.969073 1.145371 0.037815 0.384452 0.0 0.0
8.02 0.630272 0.224269 0.743277 0.704065 0.969073 1.145371 0.037815 0.384452 0.0 0.0
8.03 0.630272 0.224269 0.743277 0.704065 0.969073 1.145371 0.037815 0.384452 0.0 0.0
8.04 0.630272 0.224269 0.743277 0.704065 0.969073 1.145371 0.037815 0.384452 0.0 0.0
8.05 0.630272 0.224269 0.743277 0.704065 0.969073 1.145371 0.037815 0.384452 0.0 0.0
9.01 0.681390 0.216856 0.699057 0.748791 0.972317 1.231184 0.035125 0.414631 0.0 0.0
9.02 0.681390 0.216856 0.699057 0.748791 0.972317 1.231184 0.035125 0.414631 0.0 0.0
9.03 0.681390 0.216856 0.699057 0.748791 0.972317 1.231184 0.035125 0.414631 0.0 0.0
9.04 0.681390 0.216856 0.699057 0.748791 0.972317 1.231184 0.035125 0.414631 0.0 0.0
9.05 0.681390 0.216856 0.699057 0.748791 0.972317 1.231184 0.035125 0.414631 0.0 0.0
10.01 0.715339 0.225625 0.661350 0.700349 0.934434 1.264364 0.037823 0.402528 0.0 0.0
10.02 0.715339 0.225625 0.661350 0.700349 0.934434 1.264364 0.037823 0.402528 0.0 0.0
10.03 0.715339 0.225625 0.661350 0.700349 0.934434 1.264364 0.037823 0.402528 0.0 0.0
10.04 0.715339 0.225625 0.661350 0.700349 0.934434 1.264364 0.037823 0.402528 0.0 0.0
10.05 0.715339 0.225625 0.661350 0.700349 0.934434 1.264364 0.037823 0.402528 0.0 0.0
11.01 0.665415 0.212858 0.715482 0.674644 0.895548 1.280605 0.034494 0.354198 0.0 0.0
11.02 0.665415 0.212858 0.715482 0.674644 0.895548 1.280605 0.034494 0.354198 0.0 0.0
11.03 0.665415 0.212858 0.715482 0.674644 0.895548 1.280605 0.034494 0.354198 0.0 0.0
11.04 0.665415 0.212858 0.715482 0.674644 0.895548 1.280605 0.034494 0.354198 0.0 0.0
11.05 0.665415 0.212858 0.715482 0.674644 0.895548 1.280605 0.034494 0.354198 0.0 0.0
12.01 0.689788 0.247068 0.680551 0.794881 0.853869 1.315570 0.036237 0.367684 0.0 0.0
12.02 0.689788 0.247068 0.680551 0.794881 0.853869 1.315570 0.036237 0.367684 0.0 0.0
12.03 0.689788 0.247068 0.680551 0.794881 0.853869 1.315570 0.036237 0.367684 0.0 0.0
12.04 0.689788 0.247068 0.680551 0.794881 0.853869 1.315570 0.036237 0.367684 0.0 0.0
12.05 0.689788 0.247068 0.680551 0.794881 0.853869 1.315570 0.036237 0.367684 0.0 0.0
13.01 0.686975 0.226026 0.690636 0.694717 0.932778 1.262914 0.036280 0.413075 0.0 0.0
13.02 0.686975 0.226026 0.690636 0.694717 0.932778 1.262914 0.036280 0.413075 0.0 0.0
13.03 0.686975 0.226026 0.690636 0.694717 0.932778 1.262914 0.036280 0.413075 0.0 0.0
13.04 0.686975 0.226026 0.690636 0.694717 0.932778 1.262914 0.036280 0.413075 0.0 0.0
13.05 0.686975 0.226026 0.690636 0.694717 0.932778 1.262914 0.036280 0.413075 0.0 0.0
14.01 0.655324 0.225129 0.721018 0.721737 0.964179 1.261005 0.038847 0.378215 0.0 0.0
14.02 0.655324 0.225129 0.721018 0.721737 0.964179 1.261005 0.038847 0.378215 0.0 0.0
14.03 0.655324 0.225129 0.721018 0.721737 0.964179 1.261005 0.038847 0.378215 0.0 0.0
14.04 0.655324 0.225129 0.721018 0.721737 0.964179 1.261005 0.038847 0.378215 0.0 0.0
14.05 0.655324 0.225129 0.721018 0.721737 0.964179 1.261005 0.038847 0.378215 0.0 0.0
15.01 0.669141 0.228241 0.707218 0.764164 0.807498 1.256780 0.032661 0.384438 0.0 0.0
15.02 0.669141 0.228241 0.707218 0.764164 0.807498 1.256780 0.032661 0.384438 0.0 0.0
15.03 0.669141 0.228241 0.707218 0.764164 0.807498 1.256780 0.032661 0.384438 0.0 0.0
15.04 0.669141 0.228241 0.707218 0.764164 0.807498 1.256780 0.032661 0.384438 0.0 0.0
15.05 0.669141 0.228241 0.707218 0.764164 0.807498 1.256780 0.032661 0.384438 0.0 0.0
16.01 0.645234 0.223210 0.730651 0.772413 0.824222 1.167152 0.036458 0.354869 0.0 0.0
16.02 0.645234 0.223210 0.730651 0.772413 0.824222 1.167152 0.036458 0.354869 0.0 0.0
16.03 0.645234 0.223210 0.730651 0.772413 0.824222 1.167152 0.036458 0.354869 0.0 0.0
16.04 0.645234 0.223210 0.730651 0.772413 0.824222 1.167152 0.036458 0.354869 0.0 0.0
16.05 0.645234 0.223210 0.730651 0.772413 0.824222 1.167152 0.036458 0.354869 0.0 0.0
17.01 0.623523 0.238412 0.744566 0.749923 0.833382 1.183545 0.033153 0.381620 0.0 0.0
17.02 0.623523 0.238412 0.744566 0.749923 0.833382 1.183545 0.033153 0.381620 0.0 0.0
17.03 0.623523 0.238412 0.744566 0.749923 0.833382 1.183545 0.033153 0.381620 0.0 0.0
17.04 0.623523 0.238412 0.744566 0.749923 0.833382 1.183545 0.033153 0.381620 0.0 0.0
17.05 0.623523 0.238412 0.744566 0.749923 0.833382 1.183545 0.033153 0.381620 0.0 0.0
18.01 0.663474 0.233231 0.710919 0.665287 0.814069 1.332110 0.035143 0.364210 0.0 0.0
18.02 0.663474 0.233231 0.710919 0.665287 0.814069 1.332110 0.035143 0.364210 0.0 0.0
18.03 0.663474 0.233231 0.710919 0.665287 0.814069 1.332110 0.035143 0.364210 0.0 0.0
18.04 0.663474 0.233231 0.710919 0.665287 0.814069 1.332110 0.035143 0.364210 0.0 0.0
18.05 0.663474 0.233231 0.710919 0.665287 0.814069 1.332110 0.035143 0.364210 0.0 0.0
19.01 0.669310 0.236755 0.704252 0.690391 0.963316 1.254853 0.035093 0.346698 0.0 0.0
19.02 0.669310 0.236755 0.704252 0.690391 0.963316 1.254853 0.035093 0.346698 0.0 0.0
19.03 0.669310 0.236755 0.704252 0.690391 0.963316 1.254853 0.035093 0.346698 0.0 0.0
19.04 0.669310 0.236755 0.704252 0.690391 0.963316 1.254853 0.035093 0.346698 0.0 0.0
19.05 0.669310 0.236755 0.704252 0.690391 0.963316 1.254853 0.035093 0.346698 0.0 0.0
20.01 0.708477 0.222698 0.669676 0.665192 0.936855 1.193658 0.036426 0.400765 0.0 0.0
20.02 0.708477 0.222698 0.669676 0.665192 0.936855 1.193658 0.036426 0.400765 0.0 0.0
20.03 0.708477 0.222698 0.669676 0.665192 0.936855 1.193658 0.036426 0.400765 0.0 0.0
20.04 0.708477 0.222698 0.669676 0.665192 0.936855 1.193658 0.036426 0.400765 0.0 0.0
20.05 0.708477 0.222698 0.669676 0.665192 0.936855 1.193658 0.036426 0.400765 0.0 0.0
21.01 0.735867 0.207690 0.644488 0.664893 0.843343 1.312777 0.033193 0.356725 0.0 0.0
21.02 0.735867 0.207690 0.644488 0.664893 0.843343 1.312777 0.033193 0.356725 0.0 0.0
21.03 0.735867 0.207690 0.644488 0.664893 0.843343 1.312777 0.033193 0.356725 0.0 0.0
21.04 0.735867 0.207690 0.644488 0.664893 0.843343 1.312777 0.033193 0.356725 0.0 0.0
21.05 0.735867 0.207690 0.644488 0.664893 0.843343 1.312777 0.033193 0.356725 0.0 0.0
22.01 0.690432 0.243781 0.681084 0.810671 0.911338 1.138278 0.034342 0.417258 0.0 0.0
22.02 0.690432 0.243781 0.681084 0.810671 0.911338 1.138278 0.034342 0.417258 0.0 0.0
22.03 0.690432 0.243781 0.681084 0.810671 0.911338 1.138278 0.034342 0.417258 0.0 0.0
22.04 0.690432 0.243781 0.681084 0.810671 0.911338 1.138278 0.034342 0.417258 0.0 0.0
22.05 0.690432 0.243781 0.681084 0.810671 0.911338 1.138278 0.034342 0.417258 0.0 0.0
23.01 0.704423 0.232171 0.670735 0.737872 0.916987 1.161739 0.033268 0.402075 0.0 0.0
23.02 0.704423 0.232171 0.670735 0.737872 0.916987 1.161739 0.033268 0.402075 0.0 0.0
23.03 0.704423 0.232171 0.670735 0.737872 0.916987 1.161739 0.033268 0.402075 0.0 0.0
23.04 0.704423 0.232171 0.670735 0.737872 0.916987 1.161739 0.033268 0.402075 0.0 0.0
23.05 0.704423 0.232171 0.670735 0.737872 0.916987 1.161739 0.033268 0.402075 0.0 0.0
24.01 0.731647 0.214111 0.647186 0.727658 0.815762 1.191391 0.037630 0.383945 0.0 0.0
24.02 0.731647 0.214111 0.647186 0.727658 0.815762 1.191391 0.037630 0.383945 0.0 0.0
24.03 0.731647 0.214111 0.647186 0.727658 0.815762 1.191391 0.037630 0.383945 0.0 0.0
24.04 0.731647 0.214111 0.647186 0.727658 0.815762 1.191391 0.037630 0.383945 0.0 0.0
24.05 0.731647 0.214111 0.647186 0.727658 0.815762 1.191391 0.037630 0.383945 0.0 0.0
25.01 0.684784 0.213629 0.696731 0.684419 0.923180 1.312982 0.038951 0.347829 0.0 0.0
25.02 0.684784 0.213629 0.696731 0.684419 0.923180 1.312982 0.038951 0.347829 0.0 0.0
25.03 0.684784 0.213629 0.696731 0.684419 0.923180 1.312982 0.038951 0.347829 0.0 0.0
25.04 0.684784 0.213629 0.696731 0.684419 0.923180 1.312982 0.038951 0.347829 0.0 0.0
25.05 0.684784 0.213629 0.696731 0.684419 0.923180 1.312982 0.038951 0.347829 0.0 0.0
26.01 0.668737 0.218518 0.710662 0.809355 0.815227 1.307686 0.038465 0.412820 0.0 0.0
26.02 0.668737 0.218518 0.710662 0.809355 0.815227 1.307686 0.038465 0.412820 0.0 0.0
26.03 0.668737 0.218518 0.710662 0.809355 0.815227 1.307686 0.038465 0.412820 0.0 0.0
26.04 0.668737 0.218518 0.710662 0.809355 0.815227 1.307686 0.038465 0.412820 0.0 0.0
26.05 0.668737 0.218518 0.710662 0.809355 0.815227 1.307686 0.038465 0.412820 0.0 0.0
27.01 0.658910 0.250674 0.709226 0.688188 0.915522 1.117050 0.035871 0.391230 0.0 0.0
27.02 0.658910 0.250674 0.709226 0.688188 0.915522 1.117050 0.035871 0.391230 0.0 0.0
27.03 0.658910 0.250674 0.709226 0.688188 0.915522 1.117050 0.035871 0.391230 0.0 0.0
27.04 0.658910 0.250674 0.709226 0.688188 0.915522 1.117050 0.035871 0.391230 0.0 0.0
27.05 0.658910 0.250674 0.709226 0.688188 0.915522 1.117050 0.035871 0.391230 0.0 0.0
28.01 0.724807 0.247244 0.643059 0.758607 0.930866 1.212232 0.033769 0.395576 0.0 0.0
28.02 0.724807 0.247244 0.643059 0.758607 0.930866 1.212232 0.033769 0.395576 0.0 0.0
28.03 0.724807 0.247244 0.643059 0.758607 0.930866 1.212232 0.033769 0.395576 0.0 0.0
28.04 0.724807 0.247244 0.643059 0.758607 0.930866 1.212232 0.033769 0.395576 0.0 0.0
28.05 0.724807 0.247244 0.643059 0.758607 0.930866 1.212232 0.033769 0.395576 0.0 0.0
29.01 0.722126 0.237558 0.649692 0.755359 0.820131 1.294164 0.033847 0.379316 0.0 0.0
29.02 0.722126 0.237558 0.649692 0.755359 0.820131 1.294164 0.033847 0.379316 0.0 0.0
29.03 0.722126 0.237558 0.649692 0.755359 0.820131 1.294164 0.033847 0.379316 0.0 0.0
29.04 0.722126 0.237558 0.649692 0.755359 0.820131 1.294164 0.033847 0.379316 0.0 0.0
29.05 0.722126 0.237558 0.649692 0.755359 0.820131 1.294164 0.033847 0.379316 0.0 0.0
30.01 0.829748 0.403947 0.385156 1.370428 1.599915 0.669411 0.373998 0.419427 0.0 0.0
30.02 0.829748 0.403947 0.385156 1.370428 1.599915 0.669411 0.373998 0.419427 0.0 0.0
30.03 0.829748 0.403947 0.385156 1.370428 1.599915 0.669411 0.373998 0.419427 0.0 0.0
30.04 0.829748 0.403947 0.385156 1.370428 1.599915 0.669411 0.373998 0.419427 0.0 0.0
30.05 0.829748 0.403947 0.385156 1.370428 1.599915 0.669411 0.373998 0.419427 0.0 0.0
31.01 0.789596 0.472499 0.391514 1.160525 1.506182 0.617211 0.422056 0.454262 0.0 0.0
31.02 0.789596 0.472499 0.391514 1.160525 1.506182 0.617211 0.422056 0.454262 0.0 0.0
31.03 0.789596 0.472499 0.391514 1.160525 1.506182 0.617211 0.422056 0.454262 0.0 0.0
31.04 0.789596 0.472499 0.391514 1.160525 1.506182 0.617211 0.422056 0.454262 0.0 0.0
31.05 0.789596 0.472499 0.391514 1.160525 1.506182 0.617211 0.422056 0.454262 0.0 0.0
32.01 0.798733 0.457380 0.390933 1.353380 1.595607 0.642631 0.405554 0.386821 0.0 0.0
32.02 0.798733 0.457380 0.390933 1.353380 1.595607 0.642631 0.405554 0.386821 0.0 0.0
32.03 0.798733 0.457380 0.390933 1.353380 1.595607 0.642631 0.405554 0.386821 0.0 0.0
32.04 0.798733 0.457380 0.390933 1.353380 1.595607 0.642631 0.405554 0.386821 0.0 0.0
32.05 0.798733 0.457380 0.390933 1.353380 1.595607 0.642631 0.405554 0.386821 0.0 0.0
33.01 0.811248 0.446374 0.377659 1.365713 1.412198 0.593208 0.431449 0.423799 0.0 0.0
33.02 0.811248 0.446374 0.377659 1.365713 1.412198 0.593208 0.431449 0.423799 0.0 0.0
33.03 0.811248 0.446374 0.377659 1.365713 1.412198 0.593208 0.431449 0.423799 0.0 0.0
33.04 0.811248 0.446374 0.377659 1.365713 1.412198 0.593208 0.431449 0.423799 0.0 0.0
33.05 0.811248 0.446374 0.377659 1.365713 1.412198 0.593208 0.431449 0.423799 0.0 0.0
34.01 0.820177 0.443672 0.361198 1.246543 1.469180 0.569734 0.393388 0.465693 0.0 0.0
34.02 0.820177 0.443672 0.361198 1.246543 1.469180 0.569734 0.393388 0.465693 0.0 0.0
34.03 0.820177 0.443672 0.361198 1.246543 1.469180 0.569734 0.393388 0.465693 0.0 0.0
34.04 0.820177 0.443672 0.361198 1.246543 1.469180 0.569734 0.393388 0.465693 0.0 0.0
34.05 0.820177 0.443672 0.361198 1.246543 1.469180 0.569734 0.393388 0.465693 0.0 0.0
35.01 0.814849 0.466526 0.344055 1.216573 1.465208 0.674383 0.397378 0.409971 0.0 0.0
35.02 0.814849 0.466526 0.344055 1.216573 1.465208 0.674383 0.397378 0.409971 0.0 0.0
35.03 0.814849 0.466526 0.344055 1.216573 1.465208 0.674383 0.397378 0.409971 0.0 0.0
35.04 0.814849 0.466526 0.344055 1.216573 1.465208 0.674383 0.397378 0.409971 0.0 0.0
35.05 0.814849 0.466526 0.344055 1.216573 1.465208 0.674383 0.397378 0.409971 0.0 0.0
36.01 0.773439 0.497577 0.392696 1.328397 1.416570 0.668433 0.401879 0.417179 0.0 0.0
36.02 0.773439 0.497577 0.392696 1.328397 1.416570 0.668433 0.401879 0.417179 0.0 0.0
36.03 0.773439 0.497577 0.392696 1.328397 1.416570 0.668433 0.401879 0.417179 0.0 0.0
36.04 0.773439 0.497577 0.392696 1.328397 1.416570 0.668433 0.401879 0.417179 0.0 0.0
36.05 0.773439 0.497577 0.392696 1.328397 1.416570 0.668433 0.401879 0.417179 0.0 0.0
37.01 0.775075 0.449677 0.443903 1.348900 1.439860 0.687778 0.362895 0.435855 0.0 0.0
37.02 0.775075 0.449677 0.443903 1.348900 1.439860 0.687778 0.362895 0.435855 0.0 0.0
37.03 0.775075 0.449677 0.443903 1.348900 1.439860 0.687778 0.362895 0.435855 0.0 0.0
37.04 0.775075 0.449677 0.443903 1.348900 1.439860 0.687778 0.362895 0.435855 0.0 0.0
37.05 0.775075 0.449677 0.443903 1.348900 1.439860 0.687778 0.362895 0.435855 0.0 0.0
38.01 0.793560 0.435094 0.425389 1.242174 1.445821 0.637995 0.397047 0.468761 0.0 0.0
38.02 0.793560 0.435094 0.425389 1.242174 1.445821 0.637995 0.397047 0.468761 0.0 0.0
38.03 0.793560 0.435094 0.425389 1.242174 1.445821 0.637995 0.397047 0.468761 0.0 0.0
38.04 0.793560 0.435094 0.425389 1.242174 1.445821 0.637995 0.397047 0.468761 0.0 0.0
38.05 0.793560 0.435094 0.425389 1.242174 1.445821 0.637995 0.397047 0.468761 0.0 0.0
39.01 0.773297 0.481512 0.412501 1.146682 1.451987 0.663184 0.425403 0.439579 0.0 0.0
39.02 0.773297 0.481512 0.412501 1.146682 1.451987 0.663184 0.425403 0.439579 0.0 0.0
39.03 0.773297 0.481512 0.412501 1.146682 1.451987 0.663184 0.425403 0.439579 0.0 0.0
39.04 0.773297 0.481512 0.412501 1.146682 1.451987 0.663184 0.425403 0.439579 0.0 0.0
39.05 0.773297 0.481512 0.412501 1.146682 1.451987 0.663184 0.425403 0.439579 0.0 0.0
40.01 0.797560 0.476888 0.369426 1.312290 1.510143 0.607234 0.412937 0.426792 0.0 0.0
40.02 0.797560 0.476888 0.369426 1.312290 1.510143 0.607234 0.412937 0.426792 0.0 0.0
40.03 0.797560 0.476888 0.369426 1.312290 1.510143 0.607234 0.412937 0.426792 0.0 0.0
40.04 0.797560 0.476888 0.369426 1.312290 1.510143 0.607234 0.412937 0.426792 0.0 0.0
40.05 0.797560 0.476888 0.369426 1.312290 1.510143 0.607234 0.412937 0.426792 0.0 0.0
41.01 0.832998 0.426813 0.352058 1.156329 1.540565 0.577870 0.405496 0.391612 0.0 0.0
41.02 0.832998 0.426813 0.352058 1.156329 1.540565 0.577870 0.405496 0.391612 0.0 0.0
41.03 0.832998 0.426813 0.352058 1.156329 1.540565 0.577870 0.405496 0.391612 0.0 0.0
41.04 0.832998 0.426813 0.352058 1.156329 1.540565 0.577870 0.405496 0.391612 0.0 0.0
41.05 0.832998 0.426813 0.352058 1.156329 1.540565 0.577870 0.405496 0.391612 0.0 0.0
42.01 0.802583 0.448893 0.392881 1.138301 1.376665 0.668480 0.426036 0.454865 0.0 0.0
42.02 0.802583 0.448893 0.392881 1.138301 1.376665 0.668480 0.426036 0.454865 0.0 0.0
42.03 0.802583 0.448893 0.392881 1.138301 1.376665 0.668480 0.426036 0.454865 0.0 0.0
42.04 0.802583 0.448893 0.392881 1.138301 1.376665 0.668480 0.426036 0.454865 0.0 0.0
42.05 0.802583 0.448893 0.392881 1.138301 1.376665 0.668480 0.426036 0.454865 0.0 0.0
43.01 0.787219 0.476478 0.391479 1.250130 1.326281 0.672650 0.362617 0.423007 0.0 0.0
43.02 0.787219 0.476478 0.391479 1.250130 1.326281 0.672650 0.362617 0.423007 0.0 0.0
43.03 0.787219 0.476478 0.391479 1.250130 1.326281 0.672650 0.362617 0.423007 0.0 0.0
43.04 0.787219 0.476478 0.391479 1.250130 1.326281 0.672650 0.362617 0.423007 0.0 0.0
43.05 0.787219 0.476478 0.391479 1.250130 1.326281 0.672650 0.362617 0.423007 0.0 0.0
44.01 0.816487 0.451479 0.359883 1.314005 1.449365 0.640271 0.363557 0.386915 0.0 0.0
44.02 0.816487 0.451479 0.359883 1.314005 1.449365 0.640271 0.363557 0.386915 0.0 0.0
44.03 0.816487 0.451479 0.359883 1.314005 1.449365 0.640271 0.363557 0.386915 0.0 0.0
44.04 0.816487 0.451479 0.359883 1.314005 1.449365 0.640271 0.363557 0.386915 0.0 0.0
44.05 0.816487 0.451479 0.359883 1.314005 1.449365 0.640271 0.363557 0.386915 0.0 0.0
45.01 0.819252 0.431357 0.377833 1.187857 1.474090 0.668944 0.391093 0.454603 0.0 0.0
45.02 0.819252 0.431357 0.377833 1.187857 1.474090 0.668944 0.391093 0.454603 0.0 0.0
45.03 0.819252 0.431357 0.377833 1.187857 1.474090 0.668944 0.391093 0.454603 0.0 0.0
45.04 0.819252 0.431357 0.377833 1.187857 1.474090 0.668944 0.391093 0.454603 0.0 0.0
45.05 0.819252 0.431357 0.377833 1.187857 1.474090 0.668944 0.391093 0.454603 0.0 0.0
46.01 0.825218 0.412990 0.385298 1.378759 1.323865 0.575551 0.407441 0.428653 0.0 0.0
46.02 0.825218 0.412990 0.385298 1.378759 1.323865 0.575551 0.407441 0.428653 0.0 0.0
46.03 0.825218 0.412990 0.385298 1.378759 1.323865 0.575551 0.407441 0.428653 0.0 0.0
46.04 0.825218 0.412990 0.385298 1.378759 1.323865 0.575551 0.407441 0.428653 0.0 0.0
46.05 0.825218 0.412990 0.385298 1.378759 1.323865 0.575551 0.407441 0.428653 0.0 0.0
47.01 0.805156 0.443722 0.393490 1.233487 1.439987 0.570252 0.407310 0.452489 0.0 0.0
47.02 0.805156 0.443722 0.393490 1.233487 1.439987 0.570252 0.407310 0.452489 0.0 0.0
47.03 0.805156 0.443722 0.393490 1.233487 1.439987 0.570252 0.407310 0.452489 0.0 0.0
47.04 0.805156 0.443722 0.393490 1.233487 1.439987 0.570252 0.407310 0.452489 0.0 0.0
47.05 0.805156 0.443722 0.393490 1.233487 1.439987 0.570252 0.407310 0.452489 0.0 0.0
48.01 0.802286 0.452250 0.389624 1.322159 1.556746 0.641051 0.381209 0.432815 0.0 0.0
48.02 0.802286 0.452250 0.389624 1.322159 1.556746 0.641051 0.381209 0.432815 0.0 0.0
48.03 0.802286 0.452250 0.389624 1.322159 1.556746 0.641051 0.381209 0.432815 0.0 0.0
48.04 0.802286 0.452250 0.389624 1.322159 1.556746 0.641051 0.381209 0.432815 0.0 0.0
48.05 0.802286 0.452250 0.389624 1.322159 1.556746 0.641051 0.381209 0.432815 0.0 0.0
49.01 0.795701 0.417256 0.439041 1.301351 1.495133 0.612607 0.375026 0.401727 0.0 0.0
49.02 0.795701 0.417256 0.439041 1.301351 1.495133 0.612607 0.375026 0.401727 0.0 0.0
49.03 0.795701 0.417256 0.439041 1.301351 1.495133 0.612607 0.375026 0.401727 0.0 0.0
49.04 0.795701 0.417256 0.439041 1.301351 1.495133 0.612607 0.375026 0.401727 0.0 0.0
49.05 0.795701 0.417256 0.439041 1.301351 1.495133 0.612607 0.375026 0.401727 0.0 0.0
50.01 0.819235 0.449678 0.355872 1.247626 1.324943 0.692005 0.418632 0.464691 0.0 0.0
50.02 0.819235 0.449678 0.355872 1.247626 1.324943 0.692005 0.418632 0.464691 0.0 0.0
50.03 0.819235 0.449678 0.355872 1.247626 1.324943 0.692005 0.418632 0.464691 0.0 0.0
50.04 0.819235 0.449678 0.355872 1.247626 1.324943 0.692005 0.418632 0.464691 0.0 0.0
50.05 0.819235 0.449678 0.355872 1.247626 1.324943 0.692005 0.418632 0.464691 0.0 0.0
51.01 0.795192 0.433584 0.423881 1.187006 1.310110 0.662018 0.422487 0.418321 0.0 0.0
51.02 0.795192 0.433584 0.423881 1.187006 1.310110 0.662018 0.422487 0.418321 0.0 0.0
51.03 0.795192 0.433584 0.423881 1.187006 1.310110 0.662018 0.422487 0.418321 0.0 0.0
51.04 0.795192 0.433584 0.423881 1.187006 1.310110 0.662018 0.422487 0.418321 0.0 0.0
51.05 0.795192 0.433584 0.423881 1.187006 1.310110 0.662018 0.422487 0.418321 0.0 0.0
52.01 0.809484 0.443253 0.385049 1.346706 1.545405 0.619711 0.394298 0.388151 0.0 0.0
52.02 0.809484 0.443253 0.385049 1.346706 1.545405 0.619711 0.394298 0.388151 0.0 0.0
52.03 0.809484 0.443253 0.385049 1.346706 1.545405 0.619711 0.394298 0.388151 0.0 0.0
52.04 0.809484 0.443253 0.385049 1.346706 1.545405 0.619711 0.394298 0.388151 0.0 0.0
52.05 0.809484 0.443253 0.385049 1.346706 1.545405 0.619711 0.394298 0.388151 0.0 0.0
53.01 0.845676 0.391717 0.362476 1.338383 1.575209 0.620670 0.416380 0.442787 0.0 0.0
53.02 0.845676 0.391717 0.362476 1.338383 1.575209 0.620670 0.416380 0.442787 0.0 0.0
53.03 0.845676 0.391717 0.362476 1.338383 1.575209 0.620670 0.416380 0.442787 0.0 0.0
53.04 0.845676 0.391717 0.362476 1.338383 1.575209 0.620670 0.416380 0.442787 0.0 0.0
53.05 0.845676 0.391717 0.362476 1.338383 1.575209 0.620670 0.416380 0.442787 0.0 0.0
54.01 0.812606 0.445201 0.376121 1.257281 1.331220 0.573645 0.418026 0.416110 0.0 0.0
54.02 0.812606 0.445201 0.376121 1.257281 1.331220 0.573645 0.418026 0.416110 0.0 0.0
54.03 0.812606 0.445201 0.376121 1.257281 1.331220 0.573645 0.418026 0.416110 0.0 0.0
54.04 0.812606 0.445201 0.376121 1.257281 1.331220 0.573645 0.418026 0.416110 0.0 0.0
54.05 0.812606 0.445201 0.376121 1.257281 1.331220 0.573645 0.418026 0.416110 0.0 0.0
55.01 0.832630 0.393185 0.390043 1.142590 1.436934 0.668551 0.360355 0.421566 0.0 0.0
55.02 0.832630 0.393185 0.390043 1.142590 1.436934 0.668551 0.360355 0.421566 0.0 0.0
55.03 0.832630 0.393185 0.390043 1.142590 1.436934 0.668551 0.360355 0.421566 0.0 0.0
55.04 0.832630 0.393185 0.390043 1.142590 1.436934 0.668551 0.360355 0.421566 0.0 0.0
55.05 0.832630 0.393185 0.390043 1.142590 1.436934 0.668551 0.360355 0.421566 0.0 0.0
56.01 0.814902 0.467665 0.342380 1.351289 1.432477 0.636280 0.406772 0.470106 0.0 0.0
56.02 0.814902 0.467665 0.342380 1.351289 1.432477 0.636280 0.406772 0.470106 0.0 0.0
56.03 0.814902 0.467665 0.342380 1.351289 1.432477 0.636280 0.406772 0.470106 0.0 0.0
56.04 0.814902 0.467665 0.342380 1.351289 1.432477 0.636280 0.406772 0.470106 0.0 0.0
56.05 0.814902 0.467665 0.342380 1.351289 1.432477 0.636280 0.406772 0.470106 0.0 0.0
57.01 0.771967 0.498615 0.394272 1.205957 1.311706 0.642914 0.381012 0.399999 0.0 0.0
57.02 0.771967 0.498615 0.394272 1.205957 1.311706 0.642914 0.381012 0.399999 0.0 0.0
57.03 0.771967 0.498615 0.394272 1.205957 1.311706 0.642914 0.381012 0.399999 0.0 0.0
57.04 0.771967 0.498615 0.394272 1.205957 1.311706 0.642914 0.381012 0.399999 0.0 0.0
57.05 0.771967 0.498615 0.394272 1.205957 1.311706 0.642914 0.381012 0.399999 0.0 0.0
58.01 0.817501 0.447020 0.363132 1.170529 1.451332 0.570013 0.407077 0.465830 0.0 0.0
58.02 0.817501 0.447020 0.363132 1.170529 1.451332 0.570013 0.407077 0.465830 0.0 0.0
58.03 0.817501 0.447020 0.363132 1.170529 1.451332 0.570013 0.407077 0.465830 0.0 0.0
58.04 0.817501 0.447020 0.363132 1.170529 1.451332 0.570013 0.407077 0.465830 0.0 0.0
58.05 0.817501 0.447020 0.363132 1.170529 1.451332 0.570013 0.407077 0.465830 0.0 0.0
59.01 0.792130 0.440878 0.422085 1.283846 1.483063 0.641930 0.409320 0.419970 0.0 0.0
59.02 0.792130 0.440878 0.422085 1.283846 1.483063 0.641930 0.409320 0.419970 0.0 0.0
59.03 0.792130 0.440878 0.422085 1.283846 1.483063 0.641930 0.409320 0.419970 0.0 0.0
59.04 0.792130 0.440878 0.422085 1.283846 1.483063 0.641930 0.409320 0.419970 0.0 0.0
59.05 0.792130 0.440878 0.422085 1.283846 1.483063 0.641930 0.409320 0.419970 0.0 0.0
