0.01 0.892502 0.447785 0.054124 0.131924 0.642086 0.417240 0.585858 0.800693 0.0 0.0
0.02 0.892502 0.447785 0.054124 0.131924 0.642086 0.417240 0.585858 0.800693 0.0 0.0
0.03 0.892502 0.447785 0.054124 0.131924 0.642086 0.417240 0.585858 0.800693 0.0 0.0
0.04 0.892502 0.447785 0.054124 0.131924 0.642086 0.417240 0.585858 0.800693 0.0 0.0
0.05 0.892502 0.447785 0.054124 0.131924 0.642086 0.417240 0.585858 0.800693 0.0 0.0
1.01 0.930762 0.361969 0.051583 0.152607 0.646914 0.418884 0.560421 0.704817 0.0 0.0
1.02 0.930762 0.361969 0.051583 0.152607 0.646914 0.418884 0.560421 0.704817 0.0 0.0
1.03 0.930762 0.361969 0.051583 0.152607 0.646914 0.418884 0.560421 0.704817 0.0 0.0
1.04 0.930762 0.361969 0.051583 0.152607 0.646914 0.418884 0.560421 0.704817 0.0 0.0
1.05 0.930762 0.361969 0.051583 0.152607 0.646914 0.418884 0.560421 0.704817 0.0 0.0
2.01 0.927907 0.368599 0.055892 0.143612 0.658093 0.387050 0.549793 0.698959 0.0 0.0
2.02 0.927907 0.368599 0.055892 0.143612 0.658093 0.387050 0.549793 0.698959 0.0 0.0
2.03 0.927907 0.368599 0.055892 0.143612 0.658093 0.387050 0.549793 0.698959 0.0 0.0
2.04 0.927907 0.368599 0.055892 0.143612 0.658093 0.387050 0.549793 0.698959 0.0 0.0
2.05 0.927907 0.368599 0.055892 0.143612 0.658093 0.387050 0.549793 0.698959 0.0 0.0
3.01 0.935630 0.349758 0.047592 0.131229 0.694277 0.441966 0.549140 0.777724 0.0 0.0
3.02 0.935630 0.349758 0.047592 0.131229 0.694277 0.441966 0.549140 0.777724 0.0 0.0
3.03 0.935630 0.349758 0.047592 0.131229 0.694277 0.441966 0.549140 0.777724 0.0 0.0
3.04 0.935630 0.349758 0.047592 0.131229 0.694277 0.441966 0.549140 0.777724 0.0 0.0
3.05 0.935630 0.349758 0.047592 0.131229 0.694277 0.441966 0.549140 0.777724 0.0 0.0
4.01 0.924933 0.375729 0.057682 0.132936 0.706621 0.416126 0.586611 0.788886 0.0 0.0
4.02 0.924933 0.375729 0.057682 0.132936 0.706621 0.416126 0.586611 0.788886 0.0 0.0
4.03 0.924933 0.375729 0.057682 0.132936 0.706621 0.416126 0.586611 0.788886 0.0 0.0
4.04 0.924933 0.375729 0.057682 0.132936 0.706621 0.416126 0.586611 0.788886 0.0 0.0
4.05 0.924933 0.375729 0.057682 0.132936 0.706621 0.416126 0.586611 0.788886 0.0 0.0
5.01 0.909002 0.412490 0.059731 0.145706 0.648166 0.449124 0.497221 0.786900 0.0 0.0
5.02 0.909002 0.412490 0.059731 0.145706 0.648166 0.449124 0.497221 0.786900 0.0 0.0
5.03 0.909002 0.412490 0.059731 0.145706 0.648166 0.449124 0.497221 0.786900 0.0 0.0
5.04 0.909002 0.412490 0.059731 0.145706 0.648166 0.449124 0.497221 0.786900 0.0 0.0
5.05 0.909002 0.412490 0.059731 0.145706 0.648166 0.449124 0.497221 0.786900 0.0 0.0
6.01 0.922361 0.382343 0.055351 0.147911 0.636298 0.432256 0.510110 0.682974 0.0 0.0
6.02 0.922361 0.382343 0.055351 0.147911 0.636298 0.432256 0.510110 0.682974 0.0 0.0
6.03 0.922361 0.382343 0.055351 0.147911 0.636298 0.432256 0.510110 0.682974 0.0 0.0
6.04 0.922361 0.382343 0.055351 0.147911 0.636298 0.432256 0.510110 0.682974 0.0 0.0
6.05 0.922361 0.382343 0.055351 0.147911 0.636298 0.432256 0.510110 0.682974 0.0 0.0
7.01 0.926448 0.371630 0.059874 0.128994 0.710243 0.384212 0.568192 0.798722 0.0 0.0
7.02 0.926448 0.371630 0.059874 0.128994 0.710243 0.384212 0.568192 0.798722 0.0 0.0
7.03 0.926448 0.371630 0.059874 0.128994 0.710243 0.384212 0.568192 0.798722 0.0 0.0
7.04 0.926448 0.371630 0.059874 0.128994 0.710243 0.384212 0.568192 0.798722 0.0 0.0
7.05 0.926448 0.371630 0.059874 0.128994 0.710243 0.384212 0.568192 0.798722 0.0 0.0
8.01 0.904681 0.422872 0.052264 0.153118 0.611819 0.451634 0.584030 0.737466 0.0 0.0
8.02 0.904681 0.422872 0.052264 0.153118 0.611819 0.451634 0.584030 0.737466 0.0 0.0
8.03 0.904681 0.422872 0.052264 0.153118 0.611819 0.451634 0.584030 0.737466 0.0 0.0
8.04 0.904681 0.422872 0.052264 0.153118 0.611819 0.451634 0.584030 0.737466 0.0 0.0
8.05 0.904681 0.422872 0.052264 0.153118 0.611819 0.451634 0.584030 0.737466 0.0 0.0
9.01 0.922305 0.382670 0.054010 0.154898 0.713749 0.401730 0.510412 0.720665 0.0 0.0
9.02 0.922305 0.382670 0.054010 0.154898 0.713749 0.401730 0.510412 0.720665 0.0 0.0
9.03 0.922305 0.382670 0.054010 0.154898 0.713749 0.401730 0.510412 0.720665 0.0 0.0
9.04 0.922305 0.382670 0.054010 0.154898 0.713749 0.401730 0.510412 0.720665 0.0 0.0
9.05 0.922305 0.382670 0.054010 0.154898 0.713749 0.401730 0.510412 0.720665 0.0 0.0
10.01 0.919821 0.388579 0.054176 0.135337 0.663933 0.388556 0.559946 0.672273 0.0 0.0
10.02 0.919821 0.388579 0.054176 0.135337 0.663933 0.388556 0.559946 0.672273 0.0 0.0
10.03 0.919821 0.388579 0.054176 0.135337 0.663933 0.388556 0.559946 0.672273 0.0 0.0
10.04 0.919821 0.388579 0.054176 0.135337 0.663933 0.388556 0.559946 0.672273 0.0 0.0
10.05 0.919821 0.388579 0.054176 0.135337 0.663933 0.388556 0.559946 0.672273 0.0 0.0
11.01 0.913093 0.404089 0.054522 0.130181 0.694544 0.421985 0.532369 0.742008 0.0 0.0
11.02 0.913093 0.404089 0.054522 0.130181 0.694544 0.421985 0.532369 0.742008 0.0 0.0
11.03 0.913093 0.404089 0.054522 0.130181 0.694544 0.421985 0.532369 0.742008 0.0 0.0
11.04 0.913093 0.404089 0.054522 0.130181 0.694544 0.421985 0.532369 0.742008 0.0 0.0
11.05 0.913093 0.404089 0.054522 0.130181 0.694544 0.421985 0.532369 0.742008 0.0 0.0
12.01 0.924294 0.378302 0.050678 0.139127 0.593563 0.413737 0.546328 0.777804 0.0 0.0
12.02 0.924294 0.378302 0.050678 0.139127 0.593563 0.413737 0.546328 0.777804 0.0 0.0
12.03 0.924294 0.378302 0.050678 0.139127 0.593563 0.413737 0.546328 0.777804 0.0 0.0
12.04 0.924294 0.378302 0.050678 0.139127 0.593563 0.413737 0.546328 0.777804 0.0 0.0
12.05 0.924294 0.378302 0.050678 0.139127 0.593563 0.413737 0.546328 0.777804 0.0 0.0
13.01 0.919509 0.388586 0.059188 0.151527 0.591744 0.411930 0.527025 0.791568 0.0 0.0
13.02 0.919509 0.388586 0.059188 0.151527 0.591744 0.411930 0.527025 0.791568 0.0 0.0
13.03 0.919509 0.388586 0.059188 0.151527 0.591744 0.411930 0.527025 0.791568 0.0 0.0
13.04 0.919509 0.388586 0.059188 0.151527 0.591744 0.411930 0.527025 0.791568 0.0 0.0
13.05 0.919509 0.388586 0.059188 0.151527 0.591744 0.411930 0.527025 0.791568 0.0 0.0
14.01 0.920640 0.386923 0.052090 0.137588 0.654898 0.395795 0.498266 0.687820 0.0 0.0
14.02 0.920640 0.386923 0.052090 0.137588 0.654898 0.395795 0.498266 0.687820 0.0 0.0
14.03 0.920640 0.386923 0.052090 0.137588 0.654898 0.395795 0.498266 0.687820 0.0 0.0
14.04 0.920640 0.386923 0.052090 0.137588 0.654898 0.395795 0.498266 0.687820 0.0 0.0
14.05 0.920640 0.386923 0.052090 0.137588 0.654898 0.395795 0.498266 0.687820 0.0 0.0
15.01 0.909886 0.411233 0.054732 0.149257 0.685762 0.429768 0.570790 0.759366 0.0 0.0
15.02 0.909886 0.411233 0.054732 0.149257 0.685762 0.429768 0.570790 0.759366 0.0 0.0
15.03 0.909886 0.411233 0.054732 0.149257 0.685762 0.429768 0.570790 0.759366 0.0 0.0
15.04 0.909886 0.411233 0.054732 0.149257 0.685762 0.429768 0.570790 0.759366 0.0 0.0
15.05 0.909886 0.411233 0.054732 0.149257 0.685762 0.429768 0.570790 0.759366 0.0 0.0
16.01 0.928588 0.366940 0.055494 0.136724 0.662267 0.380185 0.491201 0.749521 0.0 0.0
16.02 0.928588 0.366940 0.055494 0.136724 0.662267 0.380185 0.491201 0.749521 0.0 0.0
16.03 0.928588 0.366940 0.055494 0.136724 0.662267 0.380185 0.491201 0.749521 0.0 0.0
16.04 0.928588 0.366940 0.055494 0.136724 0.662267 0.380185 0.491201 0.749521 0.0 0.0
16.05 0.928588 0.366940 0.055494 0.136724 0.662267 0.380185 0.491201 0.749521 0.0 0.0
17.01 0.916901 0.395016 0.057052 0.149226 0.690255 0.383404 0.589913 0.765967 0.0 0.0
17.02 0.916901 0.395016 0.057052 0.149226 0.690255 0.383404 0.589913 0.765967 0.0 0.0
17.03 0.916901 0.395016 0.057052 0.149226 0.690255 0.383404 0.589913 0.765967 0.0 0.0
17.04 0.916901 0.395016 0.057052 0.149226 0.690255 0.383404 0.589913 0.765967 0.0 0.0
17.05 0.916901 0.395016 0.057052 0.149226 0.690255 0.383404 0.589913 0.765967 0.0 0.0
18.01 0.920441 0.386593 0.057748 0.131646 0.670398 0.413555 0.500556 0.674721 0.0 0.0
18.02 0.920441 0.386593 0.057748 0.131646 0.670398 0.413555 0.500556 0.674721 0.0 0.0
18.03 0.920441 0.386593 0.057748 0.131646 0.670398 0.413555 0.500556 0.674721 0.0 0.0
18.04 0.920441 0.386593 0.057748 0.131646 0.670398 0.413555 0.500556 0.674721 0.0 0.0
18.05 0.920441 0.386593 0.057748 0.131646 0.670398 0.413555 0.500556 0.674721 0.0 0.0
19.01 0.919261 0.388518 0.063342 0.146128 0.626546 0.432885 0.499356 0.769587 0.0 0.0
19.02 0.919261 0.388518 0.063342 0.146128 0.626546 0.432885 0.499356 0.769587 0.0 0.0
19.03 0.919261 0.388518 0.063342 0.146128 0.626546 0.432885 0.499356 0.769587 0.0 0.0
19.04 0.919261 0.388518 0.063342 0.146128 0.626546 0.432885 0.499356 0.769587 0.0 0.0
19.05 0.919261 0.388518 0.063342 0.146128 0.626546 0.432885 0.499356 0.769587 0.0 0.0
20.01 0.913937 0.400987 0.062677 0.129176 0.599718 0.389102 0.585026 0.770872 0.0 0.0
20.02 0.913937 0.400987 0.062677 0.129176 0.599718 0.389102 0.585026 0.770872 0.0 0.0
20.03 0.913937 0.400987 0.062677 0.129176 0.599718 0.389102 0.585026 0.770872 0.0 0.0
20.04 0.913937 0.400987 0.062677 0.129176 0.599718 0.389102 0.585026 0.770872 0.0 0.0
20.05 0.913937 0.400987 0.062677 0.129176 0.599718 0.389102 0.585026 0.770872 0.0 0.0
21.01 0.920452 0.387018 0.054639 0.153979 0.701225 0.454342 0.487525 0.703947 0.0 0.0
21.02 0.920452 0.387018 0.054639 0.153979 0.701225 0.454342 0.487525 0.703947 0.0 0.0
21.03 0.920452 0.387018 0.054639 0.153979 0.701225 0.454342 0.487525 0.703947 0.0 0.0
21.04 0.920452 0.387018 0.054639 0.153979 0.701225 0.454342 0.487525 0.703947 0.0 0.0
21.05 0.920452 0.387018 0.054639 0.153979 0.701225 0.454342 0.487525 0.703947 0.0 0.0
22.01 0.903449 0.424411 0.060465 0.146549 0.666413 0.395641 0.574480 0.697941 0.0 0.0
22.02 0.903449 0.424411 0.060465 0.146549 0.666413 0.395641 0.574480 0.697941 0.0 0.0
22.03 0.903449 0.424411 0.060465 0.146549 0.666413 0.395641 0.574480 0.697941 0.0 0.0
22.04 0.903449 0.424411 0.060465 0.146549 0.666413 0.395641 0.574480 0.697941 0.0 0.0
22.05 0.903449 0.424411 0.060465 0.146549 0.666413 0.395641 0.574480 0.697941 0.0 0.0
23.01 0.924169 0.377930 0.055498 0.128786 0.612178 0.410480 0.517851 0.812157 0.0 0.0
23.02 0.924169 0.377930 0.055498 0.128786 0.612178 0.410480 0.517851 0.812157 0.0 0.0
23.03 0.924169 0.377930 0.055498 0.128786 0.612178 0.410480 0.517851 0.812157 0.0 0.0
23.04 0.924169 0.377930 0.055498 0.128786 0.612178 0.410480 0.517851 0.812157 0.0 0.0
23.05 0.924169 0.377930 0.055498 0.128786 0.612178 0.410480 0.517851 0.812157 0.0 0.0
24.01 0.925196 0.375447 0.055251 0.128735 0.649098 0.404293 0.522715 0.773777 0.0 0.0
24.02 0.925196 0.375447 0.055251 0.128735 0.649098 0.404293 0.522715 0.773777 0.0 0.0
24.03 0.925196 0.375447 0.055251 0.128735 0.649098 0.404293 0.522715 0.773777 0.0 0.0
24.04 0.925196 0.375447 0.055251 0.128735 0.649098 0.404293 0.522715 0.773777 0.0 0.0
24.05 0.925196 0.375447 0.055251 0.128735 0.649098 0.404293 0.522715 0.773777 0.0 0.0
25.01 0.913267 0.403733 0.054250 0.142300 0.638698 0.430940 0.506151 0.734895 0.0 0.0
25.02 0.913267 0.403733 0.054250 0.142300 0.638698 0.430940 0.506151 0.734895 0.0 0.0
25.03 0.913267 0.403733 0.054250 0.142300 0.638698 0.430940 0.506151 0.734895 0.0 0.0
25.04 0.913267 0.403733 0.054250 0.142300 0.638698 0.430940 0.506151 0.734895 0.0 0.0
25.05 0.913267 0.403733 0.054250 0.142300 0.638698 0.430940 0.506151 0.734895 0.0 0.0
26.01 0.928232 0.368602 0.050174 0.145520 0.674507 0.380431 0.564799 0.784110 0.0 0.0
26.02 0.928232 0.368602 0.050174 0.145520 0.674507 0.380431 0.564799 0.784110 0.0 0.0
26.03 0.928232 0.368602 0.050174 0.145520 0.674507 0.380431 0.564799 0.784110 0.0 0.0
26.04 0.928232 0.368602 0.050174 0.145520 0.674507 0.380431 0.564799 0.784110 0.0 0.0
26.05 0.928232 0.368602 0.050174 0.145520 0.674507 0.380431 0.564799 0.784110 0.0 0.0
27.01 0.935125 0.351262 0.046436 0.131880 0.625787 0.413766 0.579286 0.763869 0.0 0.0
27.02 0.935125 0.351262 0.046436 0.131880 0.625787 0.413766 0.579286 0.763869 0.0 0.0
27.03 0.935125 0.351262 0.046436 0.131880 0.625787 0.413766 0.579286 0.763869 0.0 0.0
27.04 0.935125 0.351262 0.046436 0.131880 0.625787 0.413766 0.579286 0.763869 0.0 0.0
27.05 0.935125 0.351262 0.046436 0.131880 0.625787 0.413766 0.579286 0.763869 0.0 0.0
28.01 0.934221 0.351936 0.058074 0.153412 0.652465 0.376719 0.507648 0.800288 0.0 0.0
28.02 0.934221 0.351936 0.058074 0.153412 0.652465 0.376719 0.507648 0.800288 0.0 0.0
28.03 0.934221 0.351936 0.058074 0.153412 0.652465 0.376719 0.507648 0.800288 0.0 0.0
28.04 0.934221 0.351936 0.058074 0.153412 0.652465 0.376719 0.507648 0.800288 0.0 0.0
28.05 0.934221 0.351936 0.058074 0.153412 0.652465 0.376719 0.507648 0.800288 0.0 0.0
29.01 0.938674 0.340716 0.052949 0.148686 0.684408 0.395243 0.494722 0.816277 0.0 0.0
29.02 0.938674 0.340716 0.052949 0.148686 0.684408 0.395243 0.494722 0.816277 0.0 0.0
29.03 0.938674 0.340716 0.052949 0.148686 0.684408 0.395243 0.494722 0.816277 0.0 0.0
29.04 0.938674 0.340716 0.052949 0.148686 0.684408 0.395243 0.494722 0.816277 0.0 0.0
29.05 0.938674 0.340716 0.052949 0.148686 0.684408 0.395243 0.494722 0.816277 0.0 0.0
30.01 0.260112 0.611421 0.747333 0.210215 0.978346 0.675156 0.093769 1.377526 0.0 0.0
30.02 0.260112 0.611421 0.747333 0.210215 0.978346 0.675156 0.093769 1.377526 0.0 0.0
30.03 0.260112 0.611421 0.747333 0.210215 0.978346 0.675156 0.093769 1.377526 0.0 0.0
30.04 0.260112 0.611421 0.747333 0.210215 0.978346 0.675156 0.093769 1.377526 0.0 0.0
30.05 0.260112 0.611421 0.747333 0.210215 0.978346 0.675156 0.093769 1.377526 0.0 0.0
31.01 0.269701 0.637359 0.721827 0.215628 0.904068 0.714777 0.108218 1.365661 0.0 0.0
31.02 0.269701 0.637359 0.721827 0.215628 0.904068 0.714777 0.108218 1.365661 0.0 0.0
31.03 0.269701 0.637359 0.721827 0.215628 0.904068 0.714777 0.108218 1.365661 0.0 0.0
31.04 0.269701 0.637359 0.721827 0.215628 0.904068 0.714777 0.108218 1.365661 0.0 0.0
31.05 0.269701 0.637359 0.721827 0.215628 0.904068 0.714777 0.108218 1.365661 0.0 0.0
32.01 0.291123 0.598513 0.746344 0.211829 0.966832 0.623191 0.104694 1.212718 0.0 0.0
32.02 0.291123 0.598513 0.746344 0.211829 0.966832 0.623191 0.104694 1.212718 0.0 0.0
32.03 0.291123 0.598513 0.746344 0.211829 0.966832 0.623191 0.104694 1.212718 0.0 0.0
32.04 0.291123 0.598513 0.746344 0.211829 0.966832 0.623191 0.104694 1.212718 0.0 0.0
32.05 0.291123 0.598513 0.746344 0.211829 0.966832 0.623191 0.104694 1.212718 0.0 0.0
33.01 0.282752 0.644208 0.710667 0.248463 0.920350 0.699942 0.101913 1.226218 0.0 0.0
33.02 0.282752 0.644208 0.710667 0.248463 0.920350 0.699942 0.101913 1.226218 0.0 0.0
33.03 0.282752 0.644208 0.710667 0.248463 0.920350 0.699942 0.101913 1.226218 0.0 0.0
33.04 0.282752 0.644208 0.710667 0.248463 0.920350 0.699942 0.101913 1.226218 0.0 0.0
33.05 0.282752 0.644208 0.710667 0.248463 0.920350 0.699942 0.101913 1.226218 0.0 0.0
34.01 0.255040 0.615044 0.746107 0.224669 1.029850 0.740340 0.093681 1.188746 0.0 0.0
34.02 0.255040 0.615044 0.746107 0.224669 1.029850 0.740340 0.093681 1.188746 0.0 0.0
34.03 0.255040 0.615044 0.746107 0.224669 1.029850 0.740340 0.093681 1.188746 0.0 0.0
34.04 0.255040 0.615044 0.746107 0.224669 1.029850 0.740340 0.093681 1.188746 0.0 0.0
34.05 0.255040 0.615044 0.746107 0.224669 1.029850 0.740340 0.093681 1.188746 0.0 0.0
35.01 0.310573 0.607841 0.730803 0.241001 1.088799 0.670303 0.093197 1.381457 0.0 0.0
35.02 0.310573 0.607841 0.730803 0.241001 1.088799 0.670303 0.093197 1.381457 0.0 0.0
35.03 0.310573 0.607841 0.730803 0.241001 1.088799 0.670303 0.093197 1.381457 0.0 0.0
35.04 0.310573 0.607841 0.730803 0.241001 1.088799 0.670303 0.093197 1.381457 0.0 0.0
35.05 0.310573 0.607841 0.730803 0.241001 1.088799 0.670303 0.093197 1.381457 0.0 0.0
36.01 0.245952 0.670886 0.699585 0.217408 0.991575 0.663330 0.111102 1.309371 0.0 0.0
36.02 0.245952 0.670886 0.699585 0.217408 0.991575 0.663330 0.111102 1.309371 0.0 0.0
36.03 0.245952 0.670886 0.699585 0.217408 0.991575 0.663330 0.111102 1.309371 0.0 0.0
36.04 0.245952 0.670886 0.699585 0.217408 0.991575 0.663330 0.111102 1.309371 0.0 0.0
36.05 0.245952 0.670886 0.699585 0.217408 0.991575 0.663330 0.111102 1.309371 0.0 0.0
37.01 0.262821 0.655932 0.707586 0.248076 0.989353 0.656119 0.102421 1.309469 0.0 0.0
37.02 0.262821 0.655932 0.707586 0.248076 0.989353 0.656119 0.102421 1.309469 0.0 0.0
37.03 0.262821 0.655932 0.707586 0.248076 0.989353 0.656119 0.102421 1.309469 0.0 0.0
37.04 0.262821 0.655932 0.707586 0.248076 0.989353 0.656119 0.102421 1.309469 0.0 0.0
37.05 0.262821 0.655932 0.707586 0.248076 0.989353 0.656119 0.102421 1.309469 0.0 0.0
38.01 0.269999 0.626133 0.731476 0.247398 1.012398 0.721069 0.110299 1.356336 0.0 0.0
38.02 0.269999 0.626133 0.731476 0.247398 1.012398 0.721069 0.110299 1.356336 0.0 0.0
38.03 0.269999 0.626133 0.731476 0.247398 1.012398 0.721069 0.110299 1.356336 0.0 0.0
38.04 0.269999 0.626133 0.731476 0.247398 1.012398 0.721069 0.110299 1.356336 0.0 0.0
38.05 0.269999 0.626133 0.731476 0.247398 1.012398 0.721069 0.110299 1.356336 0.0 0.0
39.01 0.252138 0.645366 0.721061 0.233169 1.085085 0.632653 0.111885 1.270768 0.0 0.0
39.02 0.252138 0.645366 0.721061 0.233169 1.085085 0.632653 0.111885 1.270768 0.0 0.0
39.03 0.252138 0.645366 0.721061 0.233169 1.085085 0.632653 0.111885 1.270768 0.0 0.0
39.04 0.252138 0.645366 0.721061 0.233169 1.085085 0.632653 0.111885 1.270768 0.0 0.0
39.05 0.252138 0.645366 0.721061 0.233169 1.085085 0.632653 0.111885 1.270768 0.0 0.0
40.01 0.276198 0.688468 0.670617 0.239289 0.996898 0.644679 0.099578 1.277874 0.0 0.0
40.02 0.276198 0.688468 0.670617 0.239289 0.996898 0.644679 0.099578 1.277874 0.0 0.0
40.03 0.276198 0.688468 0.670617 0.239289 0.996898 0.644679 0.099578 1.277874 0.0 0.0
40.04 0.276198 0.688468 0.670617 0.239289 0.996898 0.644679 0.099578 1.277874 0.0 0.0
40.05 0.276198 0.688468 0.670617 0.239289 0.996898 0.644679 0.099578 1.277874 0.0 0.0
41.01 0.306325 0.622364 0.720298 0.226374 0.990549 0.699888 0.110934 1.345108 0.0 0.0
41.02 0.306325 0.622364 0.720298 0.226374 0.990549 0.699888 0.110934 1.345108 0.0 0.0
41.03 0.306325 0.622364 0.720298 0.226374 0.990549 0.699888 0.110934 1.345108 0.0 0.0
41.04 0.306325 0.622364 0.720298 0.226374 0.990549 0.699888 0.110934 1.345108 0.0 0.0
41.05 0.306325 0.622364 0.720298 0.226374 0.990549 0.699888 0.110934 1.345108 0.0 0.0
42.01 0.249338 0.601677 0.758825 0.224012 1.095426 0.729984 0.108798 1.189820 0.0 0.0
42.02 0.249338 0.601677 0.758825 0.224012 1.095426 0.729984 0.108798 1.189820 0.0 0.0
42.03 0.249338 0.601677 0.758825 0.224012 1.095426 0.729984 0.108798 1.189820 0.0 0.0
42.04 0.249338 0.601677 0.758825 0.224012 1.095426 0.729984 0.108798 1.189820 0.0 0.0
42.05 0.249338 0.601677 0.758825 0.224012 1.095426 0.729984 0.108798 1.189820 0.0 0.0
43.01 0.277732 0.623200 0.731086 0.226720 0.986048 0.730274 0.101488 1.163241 0.0 0.0
43.02 0.277732 0.623200 0.731086 0.226720 0.986048 0.730274 0.101488 1.163241 0.0 0.0
43.03 0.277732 0.623200 0.731086 0.226720 0.986048 0.730274 0.101488 1.163241 0.0 0.0
43.04 0.277732 0.623200 0.731086 0.226720 0.986048 0.730274 0.101488 1.163241 0.0 0.0
43.05 0.277732 0.623200 0.731086 0.226720 0.986048 0.730274 0.101488 1.163241 0.0 0.0
44.01 0.259933 0.679846 0.685744 0.231202 0.932728 0.634279 0.093089 1.226015 0.0 0.0
44.02 0.259933 0.679846 0.685744 0.231202 0.932728 0.634279 0.093089 1.226015 0.0 0.0
44.03 0.259933 0.679846 0.685744 0.231202 0.932728 0.634279 0.093089 1.226015 0.0 0.0
44.04 0.259933 0.679846 0.685744 0.231202 0.932728 0.634279 0.093089 1.226015 0.0 0.0
44.05 0.259933 0.679846 0.685744 0.231202 0.932728 0.634279 0.093089 1.226015 0.0 0.0
45.01 0.264108 0.702198 0.661184 0.209253 1.046871 0.627306 0.111968 1.372524 0.0 0.0
45.02 0.264108 0.702198 0.661184 0.209253 1.046871 0.627306 0.111968 1.372524 0.0 0.0
45.03 0.264108 0.702198 0.661184 0.209253 1.046871 0.627306 0.111968 1.372524 0.0 0.0
45.04 0.264108 0.702198 0.661184 0.209253 1.046871 0.627306 0.111968 1.372524 0.0 0.0
45.05 0.264108 0.702198 0.661184 0.209253 1.046871 0.627306 0.111968 1.372524 0.0 0.0
46.01 0.287482 0.654337 0.699426 0.205223 0.947006 0.652330 0.093319 1.161712 0.0 0.0
46.02 0.287482 0.654337 0.699426 0.205223 0.947006 0.652330 0.093319 1.161712 0.0 0.0
46.03 0.287482 0.654337 0.699426 0.205223 0.947006 0.652330 0.093319 1.161712 0.0 0.0
46.04 0.287482 0.654337 0.699426 0.205223 0.947006 0.652330 0.093319 1.161712 0.0 0.0
46.05 0.287482 0.654337 0.699426 0.205223 0.947006 0.652330 0.093319 1.161712 0.0 0.0
47.01 0.299132 0.615376 0.729268 0.226984 1.013176 0.729062 0.100116 1.332303 0.0 0.0
47.02 0.299132 0.615376 0.729268 0.226984 1.013176 0.729062 0.100116 1.332303 0.0 0.0
47.03 0.299132 0.615376 0.729268 0.226984 1.013176 0.729062 0.100116 1.332303 0.0 0.0
47.04 0.299132 0.615376 0.729268 0.226984 1.013176 0.729062 0.100116 1.332303 0.0 0.0
47.05 0.299132 0.615376 0.729268 0.226984 1.013176 0.729062 0.100116 1.332303 0.0 0.0
48.01 0.266196 0.626321 0.732708 0.248807 1.079882 0.630274 0.096567 1.288055 0.0 0.0
48.02 0.266196 0.626321 0.732708 0.248807 1.079882 0.630274 0.096567 1.288055 0.0 0.0
48.03 0.266196 0.626321 0.732708 0.248807 1.079882 0.630274 0.096567 1.288055 0.0 0.0
48.04 0.266196 0.626321 0.732708 0.248807 1.079882 0.630274 0.096567 1.288055 0.0 0.0
48.05 0.266196 0.626321 0.732708 0.248807 1.079882 0.630274 0.096567 1.288055 0.0 0.0
49.01 0.261912 0.673515 0.691216 0.224333 0.925209 0.751585 0.102794 1.285274 0.0 0.0
49.02 0.261912 0.673515 0.691216 0.224333 0.925209 0.751585 0.102794 1.285274 0.0 0.0
49.03 0.261912 0.673515 0.691216 0.224333 0.925209 0.751585 0.102794 1.285274 0.0 0.0
49.04 0.261912 0.673515 0.691216 0.224333 0.925209 0.751585 0.102794 1.285274 0.0 0.0
49.05 0.261912 0.673515 0.691216 0.224333 0.925209 0.751585 0.102794 1.285274 0.0 0.0
50.01 0.253344 0.647429 0.718786 0.219931 0.984078 0.731669 0.108603 1.144129 0.0 0.0
50.02 0.253344 0.647429 0.718786 0.219931 0.984078 0.731669 0.108603 1.144129 0.0 0.0
50.03 0.253344 0.647429 0.718786 0.219931 0.984078 0.731669 0.108603 1.144129 0.0 0.0
50.04 0.253344 0.647429 0.718786 0.219931 0.984078 0.731669 0.108603 1.144129 0.0 0.0
50.05 0.253344 0.647429 0.718786 0.219931 0.984078 0.731669 0.108603 1.144129 0.0 0.0
51.01 0.267285 0.642140 0.718481 0.232345 1.006380 0.692901 0.094103 1.272629 0.0 0.0
51.02 0.267285 0.642140 0.718481 0.232345 1.006380 0.692901 0.094103 1.272629 0.0 0.0
51.03 0.267285 0.642140 0.718481 0.232345 1.006380 0.692901 0.094103 1.272629 0.0 0.0
51.04 0.267285 0.642140 0.718481 0.232345 1.006380 0.692901 0.094103 1.272629 0.0 0.0
51.05 0.267285 0.642140 0.718481 0.232345 1.006380 0.692901 0.094103 1.272629 0.0 0.0
52.01 0.255022 0.642647 0.722473 0.212034 0.947948 0.697976 0.093134 1.205457 0.0 0.0
52.02 0.255022 0.642647 0.722473 0.212034 0.947948 0.697976 0.093134 1.205457 0.0 0.0
52.03 0.255022 0.642647 0.722473 0.212034 0.947948 0.697976 0.093134 1.205457 0.0 0.0
52.04 0.255022 0.642647 0.722473 0.212034 0.947948 0.697976 0.093134 1.205457 0.0 0.0
52.05 0.255022 0.642647 0.722473 0.212034 0.947948 0.697976 0.093134 1.205457 0.0 0.0
53.01 0.265434 0.656999 0.705618 0.230959 0.949646 0.662326 0.096942 1.357689 0.0 0.0
53.02 0.265434 0.656999 0.705618 0.230959 0.949646 0.662326 0.096942 1.357689 0.0 0.0
53.03 0.265434 0.656999 0.705618 0.230959 0.949646 0.662326 0.096942 1.357689 0.0 0.0
53.04 0.265434 0.656999 0.705618 0.230959 0.949646 0.662326 0.096942 1.357689 0.0 0.0
53.05 0.265434 0.656999 0.705618 0.230959 0.949646 0.662326 0.096942 1.357689 0.0 0.0
54.01 0.260163 0.621173 0.739229 0.243155 0.995513 0.633957 0.112273 1.200440 0.0 0.0
54.02 0.260163 0.621173 0.739229 0.243155 0.995513 0.633957 0.112273 1.200440 0.0 0.0
54.03 0.260163 0.621173 0.739229 0.243155 0.995513 0.633957 0.112273 1.200440 0.0 0.0
54.04 0.260163 0.621173 0.739229 0.243155 0.995513 0.633957 0.112273 1.200440 0.0 0.0
54.05 0.260163 0.621173 0.739229 0.243155 0.995513 0.633957 0.112273 1.200440 0.0 0.0
55.01 0.296515 0.632016 0.715985 0.243249 0.925904 0.635616 0.100458 1.209860 0.0 0.0
55.02 0.296515 0.632016 0.715985 0.243249 0.925904 0.635616 0.100458 1.209860 0.0 0.0
55.03 0.296515 0.632016 0.715985 0.243249 0.925904 0.635616 0.100458 1.209860 0.0 0.0
55.04 0.296515 0.632016 0.715985 0.243249 0.925904 0.635616 0.100458 1.209860 0.0 0.0
55.05 0.296515 0.632016 0.715985 0.243249 0.925904 0.635616 0.100458 1.209860 0.0 0.0
56.01 0.271550 0.668893 0.691985 0.247739 0.918770 0.642369 0.110430 1.158391 0.0 0.0
56.02 0.271550 0.668893 0.691985 0.247739 0.918770 0.642369 0.110430 1.158391 0.0 0.0
56.03 0.271550 0.668893 0.691985 0.247739 0.918770 0.642369 0.110430 1.158391 0.0 0.0
56.04 0.271550 0.668893 0.691985 0.247739 0.918770 0.642369 0.110430 1.158391 0.0 0.0
56.05 0.271550 0.668893 0.691985 0.247739 0.918770 0.642369 0.110430 1.158391 0.0 0.0
57.01 0.265116 0.638468 0.722545 0.210776 1.017564 0.691818 0.111067 1.139741 0.0 0.0
57.02 0.265116 0.638468 0.722545 0.210776 1.017564 0.691818 0.111067 1.139741 0.0 0.0
57.03 0.265116 0.638468 0.722545 0.210776 1.017564 0.691818 0.111067 1.139741 0.0 0.0
57.04 0.265116 0.638468 0.722545 0.210776 1.017564 0.691818 0.111067 1.139741 0.0 0.0
57.05 0.265116 0.638468 0.722545 0.210776 1.017564 0.691818 0.111067 1.139741 0.0 0.0
58.01 0.313365 0.602890 0.733707 0.214423 0.904376 0.755083 0.111535 1.249861 0.0 0.0
58.02 0.313365 0.602890 0.733707 0.214423 0.904376 0.755083 0.111535 1.249861 0.0 0.0
58.03 0.313365 0.602890 0.733707 0.214423 0.904376 0.755083 0.111535 1.249861 0.0 0.0
58.04 0.313365 0.602890 0.733707 0.214423 0.904376 0.755083 0.111535 1.249861 0.0 0.0
58.05 0.313365 0.602890 0.733707 0.214423 0.904376 0.755083 0.111535 1.249861 0.0 0.0
59.01 0.268576 0.616514 0.740120 0.228275 0.917201 0.628872 0.100836 1.261662 0.0 0.0
59.02 0.268576 0.616514 0.740120 0.228275 0.917201 0.628872 0.100836 1.261662 0.0 0.0
59.03 0.268576 0.616514 0.740120 0.228275 0.917201 0.628872 0.100836 1.261662 0.0 0.0
59.04 0.268576 0.616514 0.740120 0.228275 0.917201 0.628872 0.100836 1.261662 0.0 0.0
59.05 0.268576 0.616514 0.740120 0.228275 0.917201 0.628872 0.100836 1.261662 0.0 0.0
60.01 0.690792 0.468426 0.550803 1.337096 1.128283 0.454277 0.204351 1.266126 0.0 0.0
60.02 0.690792 0.468426 0.550803 1.337096 1.128283 0.454277 0.204351 1.266126 0.0 0.0
60.03 0.690792 0.468426 0.550803 1.337096 1.128283 0.454277 0.204351 1.266126 0.0 0.0
60.04 0.690792 0.468426 0.550803 1.337096 1.128283 0.454277 0.204351 1.266126 0.0 0.0
60.05 0.690792 0.468426 0.550803 1.337096 1.128283 0.454277 0.204351 1.266126 0.0 0.0
61.01 0.684419 0.516520 0.514565 1.465767 1.245085 0.431204 0.202936 1.333107 0.0 0.0
61.02 0.684419 0.516520 0.514565 1.465767 1.245085 0.431204 0.202936 1.333107 0.0 0.0
61.03 0.684419 0.516520 0.514565 1.465767 1.245085 0.431204 0.202936 1.333107 0.0 0.0
61.04 0.684419 0.516520 0.514565 1.465767 1.245085 0.431204 0.202936 1.333107 0.0 0.0
61.05 0.684419 0.516520 0.514565 1.465767 1.245085 0.431204 0.202936 1.333107 0.0 0.0
62.01 0.625963 0.510402 0.589627 1.429847 1.244478 0.389317 0.195092 1.251190 0.0 0.0
62.02 0.625963 0.510402 0.589627 1.429847 1.244478 0.389317 0.195092 1.251190 0.0 0.0
62.03 0.625963 0.510402 0.589627 1.429847 1.244478 0.389317 0.195092 1.251190 0.0 0.0
62.04 0.625963 0.510402 0.589627 1.429847 1.244478 0.389317 0.195092 1.251190 0.0 0.0
62.05 0.625963 0.510402 0.589627 1.429847 1.244478 0.389317 0.195092 1.251190 0.0 0.0
63.01 0.667737 0.502144 0.549527 1.243760 1.134257 0.470299 0.187171 1.189409 0.0 0.0
63.02 0.667737 0.502144 0.549527 1.243760 1.134257 0.470299 0.187171 1.189409 0.0 0.0
63.03 0.667737 0.502144 0.549527 1.243760 1.134257 0.470299 0.187171 1.189409 0.0 0.0
63.04 0.667737 0.502144 0.549527 1.243760 1.134257 0.470299 0.187171 1.189409 0.0 0.0
63.05 0.667737 0.502144 0.549527 1.243760 1.134257 0.470299 0.187171 1.189409 0.0 0.0
64.01 0.659833 0.432835 0.614227 1.482751 1.233940 0.421998 0.175073 1.186290 0.0 0.0
64.02 0.659833 0.432835 0.614227 1.482751 1.233940 0.421998 0.175073 1.186290 0.0 0.0
64.03 0.659833 0.432835 0.614227 1.482751 1.233940 0.421998 0.175073 1.186290 0.0 0.0
64.04 0.659833 0.432835 0.614227 1.482751 1.233940 0.421998 0.175073 1.186290 0.0 0.0
64.05 0.659833 0.432835 0.614227 1.482751 1.233940 0.421998 0.175073 1.186290 0.0 0.0
65.01 0.647542 0.472792 0.597626 1.410146 1.278200 0.433247 0.173178 1.311396 0.0 0.0
65.02 0.647542 0.472792 0.597626 1.410146 1.278200 0.433247 0.173178 1.311396 0.0 0.0
65.03 0.647542 0.472792 0.597626 1.410146 1.278200 0.433247 0.173178 1.311396 0.0 0.0
65.04 0.647542 0.472792 0.597626 1.410146 1.278200 0.433247 0.173178 1.311396 0.0 0.0
65.05 0.647542 0.472792 0.597626 1.410146 1.278200 0.433247 0.173178 1.311396 0.0 0.0
66.01 0.675542 0.473014 0.565598 1.503129 1.125803 0.446097 0.174243 1.339563 0.0 0.0
66.02 0.675542 0.473014 0.565598 1.503129 1.125803 0.446097 0.174243 1.339563 0.0 0.0
66.03 0.675542 0.473014 0.565598 1.503129 1.125803 0.446097 0.174243 1.339563 0.0 0.0
66.04 0.675542 0.473014 0.565598 1.503129 1.125803 0.446097 0.174243 1.339563 0.0 0.0
66.05 0.675542 0.473014 0.565598 1.503129 1.125803 0.446097 0.174243 1.339563 0.0 0.0
67.01 0.695801 0.474395 0.539268 1.348165 1.171850 0.420856 0.171937 1.276662 0.0 0.0
67.02 0.695801 0.474395 0.539268 1.348165 1.171850 0.420856 0.171937 1.276662 0.0 0.0
67.03 0.695801 0.474395 0.539268 1.348165 1.171850 0.420856 0.171937 1.276662 0.0 0.0
67.04 0.695801 0.474395 0.539268 1.348165 1.171850 0.420856 0.171937 1.276662 0.0 0.0
67.05 0.695801 0.474395 0.539268 1.348165 1.171850 0.420856 0.171937 1.276662 0.0 0.0
68.01 0.651909 0.472240 0.593299 1.506702 1.332511 0.412158 0.189626 1.404416 0.0 0.0
68.02 0.651909 0.472240 0.593299 1.506702 1.332511 0.412158 0.189626 1.404416 0.0 0.0
68.03 0.651909 0.472240 0.593299 1.506702 1.332511 0.412158 0.189626 1.404416 0.0 0.0
68.04 0.651909 0.472240 0.593299 1.506702 1.332511 0.412158 0.189626 1.404416 0.0 0.0
68.05 0.651909 0.472240 0.593299 1.506702 1.332511 0.412158 0.189626 1.404416 0.0 0.0
69.01 0.630640 0.509418 0.585480 1.276611 1.168971 0.454949 0.198829 1.234160 0.0 0.0
69.02 0.630640 0.509418 0.585480 1.276611 1.168971 0.454949 0.198829 1.234160 0.0 0.0
69.03 0.630640 0.509418 0.585480 1.276611 1.168971 0.454949 0.198829 1.234160 0.0 0.0
69.04 0.630640 0.509418 0.585480 1.276611 1.168971 0.454949 0.198829 1.234160 0.0 0.0
69.05 0.630640 0.509418 0.585480 1.276611 1.168971 0.454949 0.198829 1.234160 0.0 0.0
70.01 0.685997 0.484798 0.542566 1.303582 1.182083 0.453766 0.181273 1.253837 0.0 0.0
70.02 0.685997 0.484798 0.542566 1.303582 1.182083 0.453766 0.181273 1.253837 0.0 0.0
70.03 0.685997 0.484798 0.542566 1.303582 1.182083 0.453766 0.181273 1.253837 0.0 0.0
70.04 0.685997 0.484798 0.542566 1.303582 1.182083 0.453766 0.181273 1.253837 0.0 0.0
70.05 0.685997 0.484798 0.542566 1.303582 1.182083 0.453766 0.181273 1.253837 0.0 0.0
71.01 0.679574 0.461816 0.570004 1.389570 1.323005 0.420160 0.198770 1.299580 0.0 0.0
71.02 0.679574 0.461816 0.570004 1.389570 1.323005 0.420160 0.198770 1.299580 0.0 0.0
71.03 0.679574 0.461816 0.570004 1.389570 1.323005 0.420160 0.198770 1.299580 0.0 0.0
71.04 0.679574 0.461816 0.570004 1.389570 1.323005 0.420160 0.198770 1.299580 0.0 0.0
71.05 0.679574 0.461816 0.570004 1.389570 1.323005 0.420160 0.198770 1.299580 0.0 0.0
72.01 0.648817 0.464407 0.602795 1.244372 1.196921 0.394658 0.198315 1.295296 0.0 0.0
72.02 0.648817 0.464407 0.602795 1.244372 1.196921 0.394658 0.198315 1.295296 0.0 0.0
72.03 0.648817 0.464407 0.602795 1.244372 1.196921 0.394658 0.198315 1.295296 0.0 0.0
72.04 0.648817 0.464407 0.602795 1.244372 1.196921 0.394658 0.198315 1.295296 0.0 0.0
72.05 0.648817 0.464407 0.602795 1.244372 1.196921 0.394658 0.198315 1.295296 0.0 0.0
73.01 0.671030 0.459265 0.582060 1.440752 1.199230 0.388674 0.171987 1.282666 0.0 0.0
73.02 0.671030 0.459265 0.582060 1.440752 1.199230 0.388674 0.171987 1.282666 0.0 0.0
73.03 0.671030 0.459265 0.582060 1.440752 1.199230 0.388674 0.171987 1.282666 0.0 0.0
73.04 0.671030 0.459265 0.582060 1.440752 1.199230 0.388674 0.171987 1.282666 0.0 0.0
73.05 0.671030 0.459265 0.582060 1.440752 1.199230 0.388674 0.171987 1.282666 0.0 0.0
74.01 0.682259 0.494151 0.538830 1.341738 1.272223 0.428878 0.177957 1.426080 0.0 0.0
74.02 0.682259 0.494151 0.538830 1.341738 1.272223 0.428878 0.177957 1.426080 0.0 0.0
74.03 0.682259 0.494151 0.538830 1.341738 1.272223 0.428878 0.177957 1.426080 0.0 0.0
74.04 0.682259 0.494151 0.538830 1.341738 1.272223 0.428878 0.177957 1.426080 0.0 0.0
74.05 0.682259 0.494151 0.538830 1.341738 1.272223 0.428878 0.177957 1.426080 0.0 0.0
75.01 0.717711 0.448481 0.532687 1.268629 1.292570 0.415191 0.175887 1.390194 0.0 0.0
75.02 0.717711 0.448481 0.532687 1.268629 1.292570 0.415191 0.175887 1.390194 0.0 0.0
75.03 0.717711 0.448481 0.532687 1.268629 1.292570 0.415191 0.175887 1.390194 0.0 0.0
75.04 0.717711 0.448481 0.532687 1.268629 1.292570 0.415191 0.175887 1.390194 0.0 0.0
75.05 0.717711 0.448481 0.532687 1.268629 1.292570 0.415191 0.175887 1.390194 0.0 0.0
76.01 0.639949 0.487864 0.593679 1.247897 1.127551 0.440814 0.200790 1.301531 0.0 0.0
76.02 0.639949 0.487864 0.593679 1.247897 1.127551 0.440814 0.200790 1.301531 0.0 0.0
76.03 0.639949 0.487864 0.593679 1.247897 1.127551 0.440814 0.200790 1.301531 0.0 0.0
76.04 0.639949 0.487864 0.593679 1.247897 1.127551 0.440814 0.200790 1.301531 0.0 0.0
76.05 0.639949 0.487864 0.593679 1.247897 1.127551 0.440814 0.200790 1.301531 0.0 0.0
77.01 0.632664 0.494673 0.595848 1.463747 1.344497 0.470368 0.193620 1.389981 0.0 0.0
77.02 0.632664 0.494673 0.595848 1.463747 1.344497 0.470368 0.193620 1.389981 0.0 0.0
77.03 0.632664 0.494673 0.595848 1.463747 1.344497 0.470368 0.193620 1.389981 0.0 0.0
77.04 0.632664 0.494673 0.595848 1.463747 1.344497 0.470368 0.193620 1.389981 0.0 0.0
77.05 0.632664 0.494673 0.595848 1.463747 1.344497 0.470368 0.193620 1.389981 0.0 0.0
78.01 0.677086 0.462650 0.572284 1.510388 1.315291 0.454502 0.184706 1.254607 0.0 0.0
78.02 0.677086 0.462650 0.572284 1.510388 1.315291 0.454502 0.184706 1.254607 0.0 0.0
78.03 0.677086 0.462650 0.572284 1.510388 1.315291 0.454502 0.184706 1.254607 0.0 0.0
78.04 0.677086 0.462650 0.572284 1.510388 1.315291 0.454502 0.184706 1.254607 0.0 0.0
78.05 0.677086 0.462650 0.572284 1.510388 1.315291 0.454502 0.184706 1.254607 0.0 0.0
79.01 0.678030 0.516924 0.522556 1.394175 1.262327 0.398854 0.173839 1.318855 0.0 0.0
79.02 0.678030 0.516924 0.522556 1.394175 1.262327 0.398854 0.173839 1.318855 0.0 0.0
79.03 0.678030 0.516924 0.522556 1.394175 1.262327 0.398854 0.173839 1.318855 0.0 0.0
79.04 0.678030 0.516924 0.522556 1.394175 1.262327 0.398854 0.173839 1.318855 0.0 0.0
79.05 0.678030 0.516924 0.522556 1.394175 1.262327 0.398854 0.173839 1.318855 0.0 0.0
80.01 0.708167 0.453258 0.541346 1.374515 1.297116 0.472193 0.174996 1.319770 0.0 0.0
80.02 0.708167 0.453258 0.541346 1.374515 1.297116 0.472193 0.174996 1.319770 0.0 0.0
80.03 0.708167 0.453258 0.541346 1.374515 1.297116 0.472193 0.174996 1.319770 0.0 0.0
80.04 0.708167 0.453258 0.541346 1.374515 1.297116 0.472193 0.174996 1.319770 0.0 0.0
80.05 0.708167 0.453258 0.541346 1.374515 1.297116 0.472193 0.174996 1.319770 0.0 0.0
81.01 0.701378 0.422512 0.574067 1.506787 1.195679 0.399862 0.185783 1.215675 0.0 0.0
81.02 0.701378 0.422512 0.574067 1.506787 1.195679 0.399862 0.185783 1.215675 0.0 0.0
81.03 0.701378 0.422512 0.574067 1.506787 1.195679 0.399862 0.185783 1.215675 0.0 0.0
81.04 0.701378 0.422512 0.574067 1.506787 1.195679 0.399862 0.185783 1.215675 0.0 0.0
81.05 0.701378 0.422512 0.574067 1.506787 1.195679 0.399862 0.185783 1.215675 0.0 0.0
82.01 0.702294 0.418649 0.575775 1.418628 1.154667 0.397204 0.178685 1.278101 0.0 0.0
82.02 0.702294 0.418649 0.575775 1.418628 1.154667 0.397204 0.178685 1.278101 0.0 0.0
82.03 0.702294 0.418649 0.575775 1.418628 1.154667 0.397204 0.178685 1.278101 0.0 0.0
82.04 0.702294 0.418649 0.575775 1.418628 1.154667 0.397204 0.178685 1.278101 0.0 0.0
82.05 0.702294 0.418649 0.575775 1.418628 1.154667 0.397204 0.178685 1.278101 0.0 0.0
83.01 0.706611 0.492063 0.508502 1.329994 1.238271 0.422565 0.186375 1.283093 0.0 0.0
83.02 0.706611 0.492063 0.508502 1.329994 1.238271 0.422565 0.186375 1.283093 0.0 0.0
83.03 0.706611 0.492063 0.508502 1.329994 1.238271 0.422565 0.186375 1.283093 0.0 0.0
83.04 0.706611 0.492063 0.508502 1.329994 1.238271 0.422565 0.186375 1.283093 0.0 0.0
83.05 0.706611 0.492063 0.508502 1.329994 1.238271 0.422565 0.186375 1.283093 0.0 0.0
84.01 0.673345 0.459498 0.579195 1.245228 1.107692 0.444209 0.186030 1.181272 0.0 0.0
84.02 0.673345 0.459498 0.579195 1.245228 1.107692 0.444209 0.186030 1.181272 0.0 0.0
84.03 0.673345 0.459498 0.579195 1.245228 1.107692 0.444209 0.186030 1.181272 0.0 0.0
84.04 0.673345 0.459498 0.579195 1.245228 1.107692 0.444209 0.186030 1.181272 0.0 0.0
84.05 0.673345 0.459498 0.579195 1.245228 1.107692 0.444209 0.186030 1.181272 0.0 0.0
85.01 0.697927 0.479090 0.532326 1.283823 1.162743 0.442368 0.206663 1.183300 0.0 0.0
85.02 0.697927 0.479090 0.532326 1.283823 1.162743 0.442368 0.206663 1.183300 0.0 0.0
85.03 0.697927 0.479090 0.532326 1.283823 1.162743 0.442368 0.206663 1.183300 0.0 0.0
85.04 0.697927 0.479090 0.532326 1.283823 1.162743 0.442368 0.206663 1.183300 0.0 0.0
85.05 0.697927 0.479090 0.532326 1.283823 1.162743 0.442368 0.206663 1.183300 0.0 0.0
86.01 0.642517 0.462692 0.610809 1.282508 1.245197 0.446663 0.174982 1.278106 0.0 0.0
86.02 0.642517 0.462692 0.610809 1.282508 1.245197 0.446663 0.174982 1.278106 0.0 0.0
86.03 0.642517 0.462692 0.610809 1.282508 1.245197 0.446663 0.174982 1.278106 0.0 0.0
86.04 0.642517 0.462692 0.610809 1.282508 1.245197 0.446663 0.174982 1.278106 0.0 0.0
86.05 0.642517 0.462692 0.610809 1.282508 1.245197 0.446663 0.174982 1.278106 0.0 0.0
87.01 0.684305 0.456366 0.568733 1.289779 1.321733 0.420254 0.204159 1.430839 0.0 0.0
87.02 0.684305 0.456366 0.568733 1.289779 1.321733 0.420254 0.204159 1.430839 0.0 0.0
87.03 0.684305 0.456366 0.568733 1.289779 1.321733 0.420254 0.204159 1.430839 0.0 0.0
87.04 0.684305 0.456366 0.568733 1.289779 1.321733 0.420254 0.204159 1.430839 0.0 0.0
87.05 0.684305 0.456366 0.568733 1.289779 1.321733 0.420254 0.204159 1.430839 0.0 0.0
88.01 0.704405 0.443899 0.553866 1.341926 1.172077 0.432659 0.205779 1.276732 0.0 0.0
88.02 0.704405 0.443899 0.553866 1.341926 1.172077 0.432659 0.205779 1.276732 0.0 0.0
88.03 0.704405 0.443899 0.553866 1.341926 1.172077 0.432659 0.205779 1.276732 0.0 0.0
88.04 0.704405 0.443899 0.553866 1.341926 1.172077 0.432659 0.205779 1.276732 0.0 0.0
88.05 0.704405 0.443899 0.553866 1.341926 1.172077 0.432659 0.205779 1.276732 0.0 0.0
89.01 0.658632 0.500973 0.561454 1.253337 1.111348 0.395611 0.185475 1.205130 0.0 0.0
89.02 0.658632 0.500973 0.561454 1.253337 1.111348 0.395611 0.185475 1.205130 0.0 0.0
89.03 0.658632 0.500973 0.561454 1.253337 1.111348 0.395611 0.185475 1.205130 0.0 0.0
89.04 0.658632 0.500973 0.561454 1.253337 1.111348 0.395611 0.185475 1.205130 0.0 0.0
89.05 0.658632 0.500973 0.561454 1.253337 1.111348 0.395611 0.185475 1.205130 0.0 0.0
90.01 0.668753 0.727555 0.153078 1.392770 0.063920 0.580567 1.518059 0.876140 0.0 0.0
90.02 0.668753 0.727555 0.153078 1.392770 0.063920 0.580567 1.518059 0.876140 0.0 0.0
90.03 0.668753 0.727555 0.153078 1.392770 0.063920 0.580567 1.518059 0.876140 0.0 0.0
90.04 0.668753 0.727555 0.153078 1.392770 0.063920 0.580567 1.518059 0.876140 0.0 0.0
90.05 0.668753 0.727555 0.153078 1.392770 0.063920 0.580567 1.518059 0.876140 0.0 0.0
91.01 0.658266 0.736058 0.157814 1.497127 0.068239 0.517158 1.518339 0.965041 0.0 0.0
91.02 0.658266 0.736058 0.157814 1.497127 0.068239 0.517158 1.518339 0.965041 0.0 0.0
91.03 0.658266 0.736058 0.157814 1.497127 0.068239 0.517158 1.518339 0.965041 0.0 0.0
91.04 0.658266 0.736058 0.157814 1.497127 0.068239 0.517158 1.518339 0.965041 0.0 0.0
91.05 0.658266 0.736058 0.157814 1.497127 0.068239 0.517158 1.518339 0.965041 0.0 0.0
92.01 0.652418 0.745617 0.135669 1.401661 0.070700 0.552394 1.435939 0.884014 0.0 0.0
92.02 0.652418 0.745617 0.135669 1.401661 0.070700 0.552394 1.435939 0.884014 0.0 0.0
92.03 0.652418 0.745617 0.135669 1.401661 0.070700 0.552394 1.435939 0.884014 0.0 0.0
92.04 0.652418 0.745617 0.135669 1.401661 0.070700 0.552394 1.435939 0.884014 0.0 0.0
92.05 0.652418 0.745617 0.135669 1.401661 0.070700 0.552394 1.435939 0.884014 0.0 0.0
93.01 0.662023 0.732082 0.160570 1.464243 0.071570 0.585087 1.598898 1.019059 0.0 0.0
93.02 0.662023 0.732082 0.160570 1.464243 0.071570 0.585087 1.598898 1.019059 0.0 0.0
93.03 0.662023 0.732082 0.160570 1.464243 0.071570 0.585087 1.598898 1.019059 0.0 0.0
93.04 0.662023 0.732082 0.160570 1.464243 0.071570 0.585087 1.598898 1.019059 0.0 0.0
93.05 0.662023 0.732082 0.160570 1.464243 0.071570 0.585087 1.598898 1.019059 0.0 0.0
94.01 0.676823 0.718189 0.161601 1.271752 0.061414 0.518196 1.398761 1.015787 0.0 0.0
94.02 0.676823 0.718189 0.161601 1.271752 0.061414 0.518196 1.398761 1.015787 0.0 0.0
94.03 0.676823 0.718189 0.161601 1.271752 0.061414 0.518196 1.398761 1.015787 0.0 0.0
94.04 0.676823 0.718189 0.161601 1.271752 0.061414 0.518196 1.398761 1.015787 0.0 0.0
94.05 0.676823 0.718189 0.161601 1.271752 0.061414 0.518196 1.398761 1.015787 0.0 0.0
95.01 0.662197 0.735892 0.141274 1.465610 0.066297 0.596715 1.497134 0.923994 0.0 0.0
95.02 0.662197 0.735892 0.141274 1.465610 0.066297 0.596715 1.497134 0.923994 0.0 0.0
95.03 0.662197 0.735892 0.141274 1.465610 0.066297 0.596715 1.497134 0.923994 0.0 0.0
95.04 0.662197 0.735892 0.141274 1.465610 0.066297 0.596715 1.497134 0.923994 0.0 0.0
95.05 0.662197 0.735892 0.141274 1.465610 0.066297 0.596715 1.497134 0.923994 0.0 0.0
96.01 0.624600 0.768303 0.139951 1.500007 0.061118 0.525535 1.376546 0.870597 0.0 0.0
96.02 0.624600 0.768303 0.139951 1.500007 0.061118 0.525535 1.376546 0.870597 0.0 0.0
96.03 0.624600 0.768303 0.139951 1.500007 0.061118 0.525535 1.376546 0.870597 0.0 0.0
96.04 0.624600 0.768303 0.139951 1.500007 0.061118 0.525535 1.376546 0.870597 0.0 0.0
96.05 0.624600 0.768303 0.139951 1.500007 0.061118 0.525535 1.376546 0.870597 0.0 0.0
97.01 0.648609 0.743939 0.160815 1.320598 0.067695 0.583435 1.564860 0.944384 0.0 0.0
97.02 0.648609 0.743939 0.160815 1.320598 0.067695 0.583435 1.564860 0.944384 0.0 0.0
97.03 0.648609 0.743939 0.160815 1.320598 0.067695 0.583435 1.564860 0.944384 0.0 0.0
97.04 0.648609 0.743939 0.160815 1.320598 0.067695 0.583435 1.564860 0.944384 0.0 0.0
97.05 0.648609 0.743939 0.160815 1.320598 0.067695 0.583435 1.564860 0.944384 0.0 0.0
98.01 0.692756 0.707166 0.141436 1.354074 0.071875 0.493480 1.428493 0.866228 0.0 0.0
98.02 0.692756 0.707166 0.141436 1.354074 0.071875 0.493480 1.428493 0.866228 0.0 0.0
98.03 0.692756 0.707166 0.141436 1.354074 0.071875 0.493480 1.428493 0.866228 0.0 0.0
98.04 0.692756 0.707166 0.141436 1.354074 0.071875 0.493480 1.428493 0.866228 0.0 0.0
98.05 0.692756 0.707166 0.141436 1.354074 0.071875 0.493480 1.428493 0.866228 0.0 0.0
99.01 0.625948 0.763293 0.159915 1.375172 0.074434 0.509491 1.589285 0.904574 0.0 0.0
99.02 0.625948 0.763293 0.159915 1.375172 0.074434 0.509491 1.589285 0.904574 0.0 0.0
99.03 0.625948 0.763293 0.159915 1.375172 0.074434 0.509491 1.589285 0.904574 0.0 0.0
99.04 0.625948 0.763293 0.159915 1.375172 0.074434 0.509491 1.589285 0.904574 0.0 0.0
99.05 0.625948 0.763293 0.159915 1.375172 0.074434 0.509491 1.589285 0.904574 0.0 0.0
100.01 0.681869 0.717265 0.143474 1.331992 0.072763 0.577965 1.452450 1.038980 0.0 0.0
100.02 0.681869 0.717265 0.143474 1.331992 0.072763 0.577965 1.452450 1.038980 0.0 0.0
100.03 0.681869 0.717265 0.143474 1.331992 0.072763 0.577965 1.452450 1.038980 0.0 0.0
100.04 0.681869 0.717265 0.143474 1.331992 0.072763 0.577965 1.452450 1.038980 0.0 0.0
100.05 0.681869 0.717265 0.143474 1.331992 0.072763 0.577965 1.452450 1.038980 0.0 0.0
101.01 0.605608 0.785784 0.125633 1.524979 0.063219 0.568282 1.370734 0.927529 0.0 0.0
101.02 0.605608 0.785784 0.125633 1.524979 0.063219 0.568282 1.370734 0.927529 0.0 0.0
101.03 0.605608 0.785784 0.125633 1.524979 0.063219 0.568282 1.370734 0.927529 0.0 0.0
101.04 0.605608 0.785784 0.125633 1.524979 0.063219 0.568282 1.370734 0.927529 0.0 0.0
101.05 0.605608 0.785784 0.125633 1.524979 0.063219 0.568282 1.370734 0.927529 0.0 0.0
102.01 0.628963 0.765305 0.136799 1.481463 0.066844 0.529792 1.504601 0.928895 0.0 0.0
102.02 0.628963 0.765305 0.136799 1.481463 0.066844 0.529792 1.504601 0.928895 0.0 0.0
102.03 0.628963 0.765305 0.136799 1.481463 0.066844 0.529792 1.504601 0.928895 0.0 0.0
102.04 0.628963 0.765305 0.136799 1.481463 0.066844 0.529792 1.504601 0.928895 0.0 0.0
102.05 0.628963 0.765305 0.136799 1.481463 0.066844 0.529792 1.504601 0.928895 0.0 0.0
103.01 0.628722 0.766465 0.131301 1.257832 0.073738 0.500913 1.472136 0.994207 0.0 0.0
103.02 0.628722 0.766465 0.131301 1.257832 0.073738 0.500913 1.472136 0.994207 0.0 0.0
103.03 0.628722 0.766465 0.131301 1.257832 0.073738 0.500913 1.472136 0.994207 0.0 0.0
103.04 0.628722 0.766465 0.131301 1.257832 0.073738 0.500913 1.472136 0.994207 0.0 0.0
103.05 0.628722 0.766465 0.131301 1.257832 0.073738 0.500913 1.472136 0.994207 0.0 0.0
104.01 0.648200 0.750771 0.127199 1.453265 0.074126 0.574316 1.445811 0.987115 0.0 0.0
104.02 0.648200 0.750771 0.127199 1.453265 0.074126 0.574316 1.445811 0.987115 0.0 0.0
104.03 0.648200 0.750771 0.127199 1.453265 0.074126 0.574316 1.445811 0.987115 0.0 0.0
104.04 0.648200 0.750771 0.127199 1.453265 0.074126 0.574316 1.445811 0.987115 0.0 0.0
104.05 0.648200 0.750771 0.127199 1.453265 0.074126 0.574316 1.445811 0.987115 0.0 0.0
105.01 0.664507 0.733586 0.142415 1.495040 0.072015 0.538201 1.510439 0.958904 0.0 0.0
105.02 0.664507 0.733586 0.142415 1.495040 0.072015 0.538201 1.510439 0.958904 0.0 0.0
105.03 0.664507 0.733586 0.142415 1.495040 0.072015 0.538201 1.510439 0.958904 0.0 0.0
105.04 0.664507 0.733586 0.142415 1.495040 0.072015 0.538201 1.510439 0.958904 0.0 0.0
105.05 0.664507 0.733586 0.142415 1.495040 0.072015 0.538201 1.510439 0.958904 0.0 0.0
106.01 0.645918 0.749769 0.143656 1.306339 0.065101 0.543194 1.349931 0.910939 0.0 0.0
106.02 0.645918 0.749769 0.143656 1.306339 0.065101 0.543194 1.349931 0.910939 0.0 0.0
106.03 0.645918 0.749769 0.143656 1.306339 0.065101 0.543194 1.349931 0.910939 0.0 0.0
106.04 0.645918 0.749769 0.143656 1.306339 0.065101 0.543194 1.349931 0.910939 0.0 0.0
106.05 0.645918 0.749769 0.143656 1.306339 0.065101 0.543194 1.349931 0.910939 0.0 0.0
107.01 0.611617 0.779361 0.136095 1.335614 0.069513 0.520300 1.583657 1.012376 0.0 0.0
107.02 0.611617 0.779361 0.136095 1.335614 0.069513 0.520300 1.583657 1.012376 0.0 0.0
107.03 0.611617 0.779361 0.136095 1.335614 0.069513 0.520300 1.583657 1.012376 0.0 0.0
107.04 0.611617 0.779361 0.136095 1.335614 0.069513 0.520300 1.583657 1.012376 0.0 0.0
107.05 0.611617 0.779361 0.136095 1.335614 0.069513 0.520300 1.583657 1.012376 0.0 0.0
108.01 0.615504 0.776245 0.136377 1.526520 0.067286 0.506139 1.370728 0.917322 0.0 0.0
108.02 0.615504 0.776245 0.136377 1.526520 0.067286 0.506139 1.370728 0.917322 0.0 0.0
108.03 0.615504 0.776245 0.136377 1.526520 0.067286 0.506139 1.370728 0.917322 0.0 0.0
108.04 0.615504 0.776245 0.136377 1.526520 0.067286 0.506139 1.370728 0.917322 0.0 0.0
108.05 0.615504 0.776245 0.136377 1.526520 0.067286 0.506139 1.370728 0.917322 0.0 0.0
109.01 0.640893 0.753616 0.146011 1.265957 0.062284 0.533459 1.444271 1.020574 0.0 0.0
109.02 0.640893 0.753616 0.146011 1.265957 0.062284 0.533459 1.444271 1.020574 0.0 0.0
109.03 0.640893 0.753616 0.146011 1.265957 0.062284 0.533459 1.444271 1.020574 0.0 0.0
109.04 0.640893 0.753616 0.146011 1.265957 0.062284 0.533459 1.444271 1.020574 0.0 0.0
109.05 0.640893 0.753616 0.146011 1.265957 0.062284 0.533459 1.444271 1.020574 0.0 0.0
110.01 0.590464 0.795908 0.133730 1.512031 0.069050 0.591183 1.337483 0.868231 0.0 0.0
110.02 0.590464 0.795908 0.133730 1.512031 0.069050 0.591183 1.337483 0.868231 0.0 0.0
110.03 0.590464 0.795908 0.133730 1.512031 0.069050 0.591183 1.337483 0.868231 0.0 0.0
110.04 0.590464 0.795908 0.133730 1.512031 0.069050 0.591183 1.337483 0.868231 0.0 0.0
110.05 0.590464 0.795908 0.133730 1.512031 0.069050 0.591183 1.337483 0.868231 0.0 0.0
111.01 0.676640 0.724134 0.133374 1.347461 0.069582 0.521976 1.582109 1.017383 0.0 0.0
111.02 0.676640 0.724134 0.133374 1.347461 0.069582 0.521976 1.582109 1.017383 0.0 0.0
111.03 0.676640 0.724134 0.133374 1.347461 0.069582 0.521976 1.582109 1.017383 0.0 0.0
111.04 0.676640 0.724134 0.133374 1.347461 0.069582 0.521976 1.582109 1.017383 0.0 0.0
111.05 0.676640 0.724134 0.133374 1.347461 0.069582 0.521976 1.582109 1.017383 0.0 0.0
112.01 0.678384 0.720295 0.144812 1.263044 0.066879 0.568207 1.534987 0.968296 0.0 0.0
112.02 0.678384 0.720295 0.144812 1.263044 0.066879 0.568207 1.534987 0.968296 0.0 0.0
112.03 0.678384 0.720295 0.144812 1.263044 0.066879 0.568207 1.534987 0.968296 0.0 0.0
112.04 0.678384 0.720295 0.144812 1.263044 0.066879 0.568207 1.534987 0.968296 0.0 0.0
112.05 0.678384 0.720295 0.144812 1.263044 0.066879 0.568207 1.534987 0.968296 0.0 0.0
113.01 0.658928 0.736975 0.150602 1.283381 0.069507 0.558411 1.586987 1.035737 0.0 0.0
113.02 0.658928 0.736975 0.150602 1.283381 0.069507 0.558411 1.586987 1.035737 0.0 0.0
113.03 0.658928 0.736975 0.150602 1.283381 0.069507 0.558411 1.586987 1.035737 0.0 0.0
113.04 0.658928 0.736975 0.150602 1.283381 0.069507 0.558411 1.586987 1.035737 0.0 0.0
113.05 0.658928 0.736975 0.150602 1.283381 0.069507 0.558411 1.586987 1.035737 0.0 0.0
114.01 0.679007 0.717840 0.153801 1.335328 0.065900 0.537156 1.538461 1.007281 0.0 0.0
114.02 0.679007 0.717840 0.153801 1.335328 0.065900 0.537156 1.538461 1.007281 0.0 0.0
114.03 0.679007 0.717840 0.153801 1.335328 0.065900 0.537156 1.538461 1.007281 0.0 0.0
114.04 0.679007 0.717840 0.153801 1.335328 0.065900 0.537156 1.538461 1.007281 0.0 0.0
114.05 0.679007 0.717840 0.153801 1.335328 0.065900 0.537156 1.538461 1.007281 0.0 0.0
115.01 0.660756 0.738164 0.136074 1.380376 0.074630 0.522581 1.413346 1.039545 0.0 0.0
115.02 0.660756 0.738164 0.136074 1.380376 0.074630 0.522581 1.413346 1.039545 0.0 0.0
115.03 0.660756 0.738164 0.136074 1.380376 0.074630 0.522581 1.413346 1.039545 0.0 0.0
115.04 0.660756 0.738164 0.136074 1.380376 0.074630 0.522581 1.413346 1.039545 0.0 0.0
115.05 0.660756 0.738164 0.136074 1.380376 0.074630 0.522581 1.413346 1.039545 0.0 0.0
116.01 0.686388 0.710729 0.154063 1.496602 0.066862 0.529342 1.422475 1.013311 0.0 0.0
116.02 0.686388 0.710729 0.154063 1.496602 0.066862 0.529342 1.422475 1.013311 0.0 0.0
116.03 0.686388 0.710729 0.154063 1.496602 0.066862 0.529342 1.422475 1.013311 0.0 0.0
116.04 0.686388 0.710729 0.154063 1.496602 0.066862 0.529342 1.422475 1.013311 0.0 0.0
116.05 0.686388 0.710729 0.154063 1.496602 0.066862 0.529342 1.422475 1.013311 0.0 0.0
117.01 0.622022 0.771936 0.131158 1.260479 0.063675 0.536437 1.479077 0.941437 0.0 0.0
117.02 0.622022 0.771936 0.131158 1.260479 0.063675 0.536437 1.479077 0.941437 0.0 0.0
117.03 0.622022 0.771936 0.131158 1.260479 0.063675 0.536437 1.479077 0.941437 0.0 0.0
117.04 0.622022 0.771936 0.131158 1.260479 0.063675 0.536437 1.479077 0.941437 0.0 0.0
117.05 0.622022 0.771936 0.131158 1.260479 0.063675 0.536437 1.479077 0.941437 0.0 0.0
118.01 0.629556 0.760198 0.160494 1.332744 0.062860 0.531841 1.604273 0.860087 0.0 0.0
118.02 0.629556 0.760198 0.160494 1.332744 0.062860 0.531841 1.604273 0.860087 0.0 0.0
118.03 0.629556 0.760198 0.160494 1.332744 0.062860 0.531841 1.604273 0.860087 0.0 0.0
118.04 0.629556 0.760198 0.160494 1.332744 0.062860 0.531841 1.604273 0.860087 0.0 0.0
118.05 0.629556 0.760198 0.160494 1.332744 0.062860 0.531841 1.604273 0.860087 0.0 0.0
119.01 0.634387 0.761819 0.131092 1.334498 0.070189 0.518523 1.471754 0.948874 0.0 0.0
119.02 0.634387 0.761819 0.131092 1.334498 0.070189 0.518523 1.471754 0.948874 0.0 0.0
119.03 0.634387 0.761819 0.131092 1.334498 0.070189 0.518523 1.471754 0.948874 0.0 0.0
119.04 0.634387 0.761819 0.131092 1.334498 0.070189 0.518523 1.471754 0.948874 0.0 0.0
119.05 0.634387 0.761819 0.131092 1.334498 0.070189 0.518523 1.471754 0.948874 0.0 0.0
120.01 0.406024 0.760707 0.506428 1.224295 0.691870 1.207180 0.155170 1.551695 0.0 0.0
120.02 0.406024 0.760707 0.506428 1.224295 0.691870 1.207180 0.155170 1.551695 0.0 0.0
120.03 0.406024 0.760707 0.506428 1.224295 0.691870 1.207180 0.155170 1.551695 0.0 0.0
120.04 0.406024 0.760707 0.506428 1.224295 0.691870 1.207180 0.155170 1.551695 0.0 0.0
120.05 0.406024 0.760707 0.506428 1.224295 0.691870 1.207180 0.155170 1.551695 0.0 0.0
121.01 0.383539 0.779029 0.495996 1.455221 0.702824 1.121807 0.144917 1.545040 0.0 0.0
121.02 0.383539 0.779029 0.495996 1.455221 0.702824 1.121807 0.144917 1.545040 0.0 0.0
121.03 0.383539 0.779029 0.495996 1.455221 0.702824 1.121807 0.144917 1.545040 0.0 0.0
121.04 0.383539 0.779029 0.495996 1.455221 0.702824 1.121807 0.144917 1.545040 0.0 0.0
121.05 0.383539 0.779029 0.495996 1.455221 0.702824 1.121807 0.144917 1.545040 0.0 0.0
122.01 0.390787 0.737128 0.551297 1.320869 0.767200 1.173831 0.157666 1.371183 0.0 0.0
122.02 0.390787 0.737128 0.551297 1.320869 0.767200 1.173831 0.157666 1.371183 0.0 0.0
122.03 0.390787 0.737128 0.551297 1.320869 0.767200 1.173831 0.157666 1.371183 0.0 0.0
122.04 0.390787 0.737128 0.551297 1.320869 0.767200 1.173831 0.157666 1.371183 0.0 0.0
122.05 0.390787 0.737128 0.551297 1.320869 0.767200 1.173831 0.157666 1.371183 0.0 0.0
123.01 0.349332 0.788902 0.505570 1.448239 0.779849 1.327475 0.144719 1.360715 0.0 0.0
123.02 0.349332 0.788902 0.505570 1.448239 0.779849 1.327475 0.144719 1.360715 0.0 0.0
123.03 0.349332 0.788902 0.505570 1.448239 0.779849 1.327475 0.144719 1.360715 0.0 0.0
123.04 0.349332 0.788902 0.505570 1.448239 0.779849 1.327475 0.144719 1.360715 0.0 0.0
123.05 0.349332 0.788902 0.505570 1.448239 0.779849 1.327475 0.144719 1.360715 0.0 0.0
124.01 0.389113 0.762862 0.516366 1.209140 0.788154 1.335861 0.168048 1.456020 0.0 0.0
124.02 0.389113 0.762862 0.516366 1.209140 0.788154 1.335861 0.168048 1.456020 0.0 0.0
124.03 0.389113 0.762862 0.516366 1.209140 0.788154 1.335861 0.168048 1.456020 0.0 0.0
124.04 0.389113 0.762862 0.516366 1.209140 0.788154 1.335861 0.168048 1.456020 0.0 0.0
124.05 0.389113 0.762862 0.516366 1.209140 0.788154 1.335861 0.168048 1.456020 0.0 0.0
125.01 0.370293 0.736192 0.566484 1.214810 0.712644 1.283635 0.159386 1.433300 0.0 0.0
125.02 0.370293 0.736192 0.566484 1.214810 0.712644 1.283635 0.159386 1.433300 0.0 0.0
125.03 0.370293 0.736192 0.566484 1.214810 0.712644 1.283635 0.159386 1.433300 0.0 0.0
125.04 0.370293 0.736192 0.566484 1.214810 0.712644 1.283635 0.159386 1.433300 0.0 0.0
125.05 0.370293 0.736192 0.566484 1.214810 0.712644 1.283635 0.159386 1.433300 0.0 0.0
126.01 0.369916 0.786407 0.494698 1.263685 0.767228 1.154104 0.165756 1.449309 0.0 0.0
126.02 0.369916 0.786407 0.494698 1.263685 0.767228 1.154104 0.165756 1.449309 0.0 0.0
126.03 0.369916 0.786407 0.494698 1.263685 0.767228 1.154104 0.165756 1.449309 0.0 0.0
126.04 0.369916 0.786407 0.494698 1.263685 0.767228 1.154104 0.165756 1.449309 0.0 0.0
126.05 0.369916 0.786407 0.494698 1.263685 0.767228 1.154104 0.165756 1.449309 0.0 0.0
127.01 0.392043 0.804729 0.445773 1.356536 0.734428 1.215728 0.158469 1.529386 0.0 0.0
127.02 0.392043 0.804729 0.445773 1.356536 0.734428 1.215728 0.158469 1.529386 0.0 0.0
127.03 0.392043 0.804729 0.445773 1.356536 0.734428 1.215728 0.158469 1.529386 0.0 0.0
127.04 0.392043 0.804729 0.445773 1.356536 0.734428 1.215728 0.158469 1.529386 0.0 0.0
127.05 0.392043 0.804729 0.445773 1.356536 0.734428 1.215728 0.158469 1.529386 0.0 0.0
128.01 0.346435 0.761273 0.548130 1.458314 0.794096 1.129052 0.145580 1.583740 0.0 0.0
128.02 0.346435 0.761273 0.548130 1.458314 0.794096 1.129052 0.145580 1.583740 0.0 0.0
128.03 0.346435 0.761273 0.548130 1.458314 0.794096 1.129052 0.145580 1.583740 0.0 0.0
128.04 0.346435 0.761273 0.548130 1.458314 0.794096 1.129052 0.145580 1.583740 0.0 0.0
128.05 0.346435 0.761273 0.548130 1.458314 0.794096 1.129052 0.145580 1.583740 0.0 0.0
129.01 0.346728 0.779071 0.522329 1.290702 0.692113 1.192443 0.144960 1.482466 0.0 0.0
129.02 0.346728 0.779071 0.522329 1.290702 0.692113 1.192443 0.144960 1.482466 0.0 0.0
129.03 0.346728 0.779071 0.522329 1.290702 0.692113 1.192443 0.144960 1.482466 0.0 0.0
129.04 0.346728 0.779071 0.522329 1.290702 0.692113 1.192443 0.144960 1.482466 0.0 0.0
129.05 0.346728 0.779071 0.522329 1.290702 0.692113 1.192443 0.144960 1.482466 0.0 0.0
130.01 0.363739 0.815333 0.450474 1.220105 0.776831 1.261110 0.145406 1.616391 0.0 0.0
130.02 0.363739 0.815333 0.450474 1.220105 0.776831 1.261110 0.145406 1.616391 0.0 0.0
130.03 0.363739 0.815333 0.450474 1.220105 0.776831 1.261110 0.145406 1.616391 0.0 0.0
130.04 0.363739 0.815333 0.450474 1.220105 0.776831 1.261110 0.145406 1.616391 0.0 0.0
130.05 0.363739 0.815333 0.450474 1.220105 0.776831 1.261110 0.145406 1.616391 0.0 0.0
131.01 0.359623 0.814996 0.454371 1.242650 0.712845 1.282291 0.146604 1.621061 0.0 0.0
131.02 0.359623 0.814996 0.454371 1.242650 0.712845 1.282291 0.146604 1.621061 0.0 0.0
131.03 0.359623 0.814996 0.454371 1.242650 0.712845 1.282291 0.146604 1.621061 0.0 0.0
131.04 0.359623 0.814996 0.454371 1.242650 0.712845 1.282291 0.146604 1.621061 0.0 0.0
131.05 0.359623 0.814996 0.454371 1.242650 0.712845 1.282291 0.146604 1.621061 0.0 0.0
132.01 0.383297 0.764433 0.518387 1.208871 0.733303 1.203586 0.145835 1.615339 0.0 0.0
132.02 0.383297 0.764433 0.518387 1.208871 0.733303 1.203586 0.145835 1.615339 0.0 0.0
132.03 0.383297 0.764433 0.518387 1.208871 0.733303 1.203586 0.145835 1.615339 0.0 0.0
132.04 0.383297 0.764433 0.518387 1.208871 0.733303 1.203586 0.145835 1.615339 0.0 0.0
132.05 0.383297 0.764433 0.518387 1.208871 0.733303 1.203586 0.145835 1.615339 0.0 0.0
133.01 0.382947 0.780234 0.494557 1.401283 0.757546 1.146505 0.156159 1.542516 0.0 0.0
133.02 0.382947 0.780234 0.494557 1.401283 0.757546 1.146505 0.156159 1.542516 0.0 0.0
133.03 0.382947 0.780234 0.494557 1.401283 0.757546 1.146505 0.156159 1.542516 0.0 0.0
133.04 0.382947 0.780234 0.494557 1.401283 0.757546 1.146505 0.156159 1.542516 0.0 0.0
133.05 0.382947 0.780234 0.494557 1.401283 0.757546 1.146505 0.156159 1.542516 0.0 0.0
134.01 0.406419 0.726293 0.554367 1.407425 0.737982 1.195509 0.161210 1.592582 0.0 0.0
134.02 0.406419 0.726293 0.554367 1.407425 0.737982 1.195509 0.161210 1.592582 0.0 0.0
134.03 0.406419 0.726293 0.554367 1.407425 0.737982 1.195509 0.161210 1.592582 0.0 0.0
134.04 0.406419 0.726293 0.554367 1.407425 0.737982 1.195509 0.161210 1.592582 0.0 0.0
134.05 0.406419 0.726293 0.554367 1.407425 0.737982 1.195509 0.161210 1.592582 0.0 0.0
135.01 0.379762 0.764595 0.520746 1.445818 0.799702 1.306296 0.145800 1.349929 0.0 0.0
135.02 0.379762 0.764595 0.520746 1.445818 0.799702 1.306296 0.145800 1.349929 0.0 0.0
135.03 0.379762 0.764595 0.520746 1.445818 0.799702 1.306296 0.145800 1.349929 0.0 0.0
135.04 0.379762 0.764595 0.520746 1.445818 0.799702 1.306296 0.145800 1.349929 0.0 0.0
135.05 0.379762 0.764595 0.520746 1.445818 0.799702 1.306296 0.145800 1.349929 0.0 0.0
136.01 0.409432 0.751554 0.517234 1.450814 0.802187 1.137690 0.159467 1.550218 0.0 0.0
136.02 0.409432 0.751554 0.517234 1.450814 0.802187 1.137690 0.159467 1.550218 0.0 0.0
136.03 0.409432 0.751554 0.517234 1.450814 0.802187 1.137690 0.159467 1.550218 0.0 0.0
136.04 0.409432 0.751554 0.517234 1.450814 0.802187 1.137690 0.159467 1.550218 0.0 0.0
136.05 0.409432 0.751554 0.517234 1.450814 0.802187 1.137690 0.159467 1.550218 0.0 0.0
137.01 0.344724 0.804476 0.483719 1.244410 0.681989 1.239309 0.173307 1.622168 0.0 0.0
137.02 0.344724 0.804476 0.483719 1.244410 0.681989 1.239309 0.173307 1.622168 0.0 0.0
137.03 0.344724 0.804476 0.483719 1.244410 0.681989 1.239309 0.173307 1.622168 0.0 0.0
137.04 0.344724 0.804476 0.483719 1.244410 0.681989 1.239309 0.173307 1.622168 0.0 0.0
137.05 0.344724 0.804476 0.483719 1.244410 0.681989 1.239309 0.173307 1.622168 0.0 0.0
138.01 0.359599 0.743893 0.563304 1.317022 0.672055 1.302774 0.151122 1.425073 0.0 0.0
138.02 0.359599 0.743893 0.563304 1.317022 0.672055 1.302774 0.151122 1.425073 0.0 0.0
138.03 0.359599 0.743893 0.563304 1.317022 0.672055 1.302774 0.151122 1.425073 0.0 0.0
138.04 0.359599 0.743893 0.563304 1.317022 0.672055 1.302774 0.151122 1.425073 0.0 0.0
138.05 0.359599 0.743893 0.563304 1.317022 0.672055 1.302774 0.151122 1.425073 0.0 0.0
139.01 0.393636 0.767988 0.505218 1.323962 0.658150 1.129948 0.163299 1.457777 0.0 0.0
139.02 0.393636 0.767988 0.505218 1.323962 0.658150 1.129948 0.163299 1.457777 0.0 0.0
139.03 0.393636 0.767988 0.505218 1.323962 0.658150 1.129948 0.163299 1.457777 0.0 0.0
139.04 0.393636 0.767988 0.505218 1.323962 0.658150 1.129948 0.163299 1.457777 0.0 0.0
139.05 0.393636 0.767988 0.505218 1.323962 0.658150 1.129948 0.163299 1.457777 0.0 0.0
140.01 0.390148 0.759830 0.520042 1.362889 0.784170 1.124940 0.164763 1.623770 0.0 0.0
140.02 0.390148 0.759830 0.520042 1.362889 0.784170 1.124940 0.164763 1.623770 0.0 0.0
140.03 0.390148 0.759830 0.520042 1.362889 0.784170 1.124940 0.164763 1.623770 0.0 0.0
140.04 0.390148 0.759830 0.520042 1.362889 0.784170 1.124940 0.164763 1.623770 0.0 0.0
140.05 0.390148 0.759830 0.520042 1.362889 0.784170 1.124940 0.164763 1.623770 0.0 0.0
141.01 0.390360 0.768705 0.506668 1.261657 0.732213 1.241022 0.145961 1.551609 0.0 0.0
141.02 0.390360 0.768705 0.506668 1.261657 0.732213 1.241022 0.145961 1.551609 0.0 0.0
141.03 0.390360 0.768705 0.506668 1.261657 0.732213 1.241022 0.145961 1.551609 0.0 0.0
141.04 0.390360 0.768705 0.506668 1.261657 0.732213 1.241022 0.145961 1.551609 0.0 0.0
141.05 0.390360 0.768705 0.506668 1.261657 0.732213 1.241022 0.145961 1.551609 0.0 0.0
142.01 0.386117 0.740852 0.549593 1.464687 0.693130 1.223238 0.151899 1.504405 0.0 0.0
142.02 0.386117 0.740852 0.549593 1.464687 0.693130 1.223238 0.151899 1.504405 0.0 0.0
142.03 0.386117 0.740852 0.549593 1.464687 0.693130 1.223238 0.151899 1.504405 0.0 0.0
142.04 0.386117 0.740852 0.549593 1.464687 0.693130 1.223238 0.151899 1.504405 0.0 0.0
142.05 0.386117 0.740852 0.549593 1.464687 0.693130 1.223238 0.151899 1.504405 0.0 0.0
143.01 0.345938 0.770911 0.534811 1.382021 0.659019 1.337296 0.151115 1.357857 0.0 0.0
143.02 0.345938 0.770911 0.534811 1.382021 0.659019 1.337296 0.151115 1.357857 0.0 0.0
143.03 0.345938 0.770911 0.534811 1.382021 0.659019 1.337296 0.151115 1.357857 0.0 0.0
143.04 0.345938 0.770911 0.534811 1.382021 0.659019 1.337296 0.151115 1.357857 0.0 0.0
143.05 0.345938 0.770911 0.534811 1.382021 0.659019 1.337296 0.151115 1.357857 0.0 0.0
144.01 0.346271 0.780171 0.520989 1.202785 0.691997 1.260432 0.157495 1.616013 0.0 0.0
144.02 0.346271 0.780171 0.520989 1.202785 0.691997 1.260432 0.157495 1.616013 0.0 0.0
144.03 0.346271 0.780171 0.520989 1.202785 0.691997 1.260432 0.157495 1.616013 0.0 0.0
144.04 0.346271 0.780171 0.520989 1.202785 0.691997 1.260432 0.157495 1.616013 0.0 0.0
144.05 0.346271 0.780171 0.520989 1.202785 0.691997 1.260432 0.157495 1.616013 0.0 0.0
145.01 0.352256 0.814989 0.460118 1.278954 0.774597 1.343829 0.147240 1.457267 0.0 0.0
145.02 0.352256 0.814989 0.460118 1.278954 0.774597 1.343829 0.147240 1.457267 0.0 0.0
145.03 0.352256 0.814989 0.460118 1.278954 0.774597 1.343829 0.147240 1.457267 0.0 0.0
145.04 0.352256 0.814989 0.460118 1.278954 0.774597 1.343829 0.147240 1.457267 0.0 0.0
145.05 0.352256 0.814989 0.460118 1.278954 0.774597 1.343829 0.147240 1.457267 0.0 0.0
146.01 0.394502 0.794026 0.462483 1.438754 0.683702 1.349028 0.153915 1.548467 0.0 0.0
146.02 0.394502 0.794026 0.462483 1.438754 0.683702 1.349028 0.153915 1.548467 0.0 0.0
146.03 0.394502 0.794026 0.462483 1.438754 0.683702 1.349028 0.153915 1.548467 0.0 0.0
146.04 0.394502 0.794026 0.462483 1.438754 0.683702 1.349028 0.153915 1.548467 0.0 0.0
146.05 0.394502 0.794026 0.462483 1.438754 0.683702 1.349028 0.153915 1.548467 0.0 0.0
147.01 0.376450 0.796953 0.472389 1.446594 0.797859 1.353113 0.153305 1.564106 0.0 0.0
147.02 0.376450 0.796953 0.472389 1.446594 0.797859 1.353113 0.153305 1.564106 0.0 0.0
147.03 0.376450 0.796953 0.472389 1.446594 0.797859 1.353113 0.153305 1.564106 0.0 0.0
147.04 0.376450 0.796953 0.472389 1.446594 0.797859 1.353113 0.153305 1.564106 0.0 0.0
147.05 0.376450 0.796953 0.472389 1.446594 0.797859 1.353113 0.153305 1.564106 0.0 0.0
148.01 0.382606 0.772373 0.507003 1.390249 0.665021 1.182244 0.144939 1.358254 0.0 0.0
148.02 0.382606 0.772373 0.507003 1.390249 0.665021 1.182244 0.144939 1.358254 0.0 0.0
148.03 0.382606 0.772373 0.507003 1.390249 0.665021 1.182244 0.144939 1.358254 0.0 0.0
148.04 0.382606 0.772373 0.507003 1.390249 0.665021 1.182244 0.144939 1.358254 0.0 0.0
148.05 0.382606 0.772373 0.507003 1.390249 0.665021 1.182244 0.144939 1.358254 0.0 0.0
149.01 0.395118 0.760351 0.515507 1.294143 0.798521 1.189965 0.146560 1.496422 0.0 0.0
149.02 0.395118 0.760351 0.515507 1.294143 0.798521 1.189965 0.146560 1.496422 0.0 0.0
149.03 0.395118 0.760351 0.515507 1.294143 0.798521 1.189965 0.146560 1.496422 0.0 0.0
149.04 0.395118 0.760351 0.515507 1.294143 0.798521 1.189965 0.146560 1.496422 0.0 0.0
149.05 0.395118 0.760351 0.515507 1.294143 0.798521 1.189965 0.146560 1.496422 0.0 0.0
