0.01 0.820551 0.334296 0.463619 0.084507 0.997741 1.442567 0.649429 1.631781 0.0 0.0
0.02 0.820551 0.334296 0.463619 0.084507 0.997741 1.442567 0.649429 1.631781 0.0 0.0
0.03 0.820551 0.334296 0.463619 0.084507 0.997741 1.442567 0.649429 1.631781 0.0 0.0
0.04 0.820551 0.334296 0.463619 0.084507 0.997741 1.442567 0.649429 1.631781 0.0 0.0
0.05 0.820551 0.334296 0.463619 0.084507 0.997741 1.442567 0.649429 1.631781 0.0 0.0
1.01 0.801695 0.372200 0.467709 0.093829 0.927933 1.512022 0.633020 1.574645 0.0 0.0
1.02 0.801695 0.372200 0.467709 0.093829 0.927933 1.512022 0.633020 1.574645 0.0 0.0
1.03 0.801695 0.372200 0.467709 0.093829 0.927933 1.512022 0.633020 1.574645 0.0 0.0
1.04 0.801695 0.372200 0.467709 0.093829 0.927933 1.512022 0.633020 1.574645 0.0 0.0
1.05 0.801695 0.372200 0.467709 0.093829 0.927933 1.512022 0.633020 1.574645 0.0 0.0
2.01 0.784218 0.376165 0.493460 0.080982 0.971147 1.462198 0.694340 1.471695 0.0 0.0
2.02 0.784218 0.376165 0.493460 0.080982 0.971147 1.462198 0.694340 1.471695 0.0 0.0
2.03 0.784218 0.376165 0.493460 0.080982 0.971147 1.462198 0.694340 1.471695 0.0 0.0
2.04 0.784218 0.376165 0.493460 0.080982 0.971147 1.462198 0.694340 1.471695 0.0 0.0
2.05 0.784218 0.376165 0.493460 0.080982 0.971147 1.462198 0.694340 1.471695 0.0 0.0
3.01 0.833024 0.326027 0.446965 0.079486 0.992249 1.465865 0.582428 1.559993 0.0 0.0
3.02 0.833024 0.326027 0.446965 0.079486 0.992249 1.465865 0.582428 1.559993 0.0 0.0
3.03 0.833024 0.326027 0.446965 0.079486 0.992249 1.465865 0.582428 1.559993 0.0 0.0
3.04 0.833024 0.326027 0.446965 0.079486 0.992249 1.465865 0.582428 1.559993 0.0 0.0
3.05 0.833024 0.326027 0.446965 0.079486 0.992249 1.465865 0.582428 1.559993 0.0 0.0
4.01 0.833046 0.341281 0.435386 0.082875 0.899514 1.540450 0.577709 1.560906 0.0 0.0
4.02 0.833046 0.341281 0.435386 0.082875 0.899514 1.540450 0.577709 1.560906 0.0 0.0
4.03 0.833046 0.341281 0.435386 0.082875 0.899514 1.540450 0.577709 1.560906 0.0 0.0
4.04 0.833046 0.341281 0.435386 0.082875 0.899514 1.540450 0.577709 1.560906 0.0 0.0
4.05 0.833046 0.341281 0.435386 0.082875 0.899514 1.540450 0.577709 1.560906 0.0 0.0
5.01 0.810729 0.323813 0.487714 0.087288 0.962485 1.516695 0.699310 1.585196 0.0 0.0
5.02 0.810729 0.323813 0.487714 0.087288 0.962485 1.516695 0.699310 1.585196 0.0 0.0
5.03 0.810729 0.323813 0.487714 0.087288 0.962485 1.516695 0.699310 1.585196 0.0 0.0
5.04 0.810729 0.323813 0.487714 0.087288 0.962485 1.516695 0.699310 1.585196 0.0 0.0
5.05 0.810729 0.323813 0.487714 0.087288 0.962485 1.516695 0.699310 1.585196 0.0 0.0
6.01 0.828276 0.335559 0.448730 0.091489 1.043494 1.408571 0.649437 1.417402 0.0 0.0
6.02 0.828276 0.335559 0.448730 0.091489 1.043494 1.408571 0.649437 1.417402 0.0 0.0
6.03 0.828276 0.335559 0.448730 0.091489 1.043494 1.408571 0.649437 1.417402 0.0 0.0
6.04 0.828276 0.335559 0.448730 0.091489 1.043494 1.408571 0.649437 1.417402 0.0 0.0
6.05 0.828276 0.335559 0.448730 0.091489 1.043494 1.408571 0.649437 1.417402 0.0 0.0
7.01 0.839462 0.312169 0.444808 0.093626 0.984656 1.433307 0.623042 1.575073 0.0 0.0
7.02 0.839462 0.312169 0.444808 0.093626 0.984656 1.433307 0.623042 1.575073 0.0 0.0
7.03 0.839462 0.312169 0.444808 0.093626 0.984656 1.433307 0.623042 1.575073 0.0 0.0
7.04 0.839462 0.312169 0.444808 0.093626 0.984656 1.433307 0.623042 1.575073 0.0 0.0
7.05 0.839462 0.312169 0.444808 0.093626 0.984656 1.433307 0.623042 1.575073 0.0 0.0
8.01 0.836283 0.315651 0.448325 0.092999 0.904742 1.557892 0.612337 1.387737 0.0 0.0
8.02 0.836283 0.315651 0.448325 0.092999 0.904742 1.557892 0.612337 1.387737 0.0 0.0
8.03 0.836283 0.315651 0.448325 0.092999 0.904742 1.557892 0.612337 1.387737 0.0 0.0
8.04 0.836283 0.315651 0.448325 0.092999 0.904742 1.557892 0.612337 1.387737 0.0 0.0
8.05 0.836283 0.315651 0.448325 0.092999 0.904742 1.557892 0.612337 1.387737 0.0 0.0
9.01 0.843371 0.309490 0.439251 0.083915 1.009535 1.426789 0.587264 1.463792 0.0 0.0
9.02 0.843371 0.309490 0.439251 0.083915 1.009535 1.426789 0.587264 1.463792 0.0 0.0
9.03 0.843371 0.309490 0.439251 0.083915 1.009535 1.426789 0.587264 1.463792 0.0 0.0
9.04 0.843371 0.309490 0.439251 0.083915 1.009535 1.426789 0.587264 1.463792 0.0 0.0
9.05 0.843371 0.309490 0.439251 0.083915 1.009535 1.426789 0.587264 1.463792 0.0 0.0
10.01 0.843690 0.329692 0.423663 0.093241 1.029708 1.404727 0.689465 1.409565 0.0 0.0
10.02 0.843690 0.329692 0.423663 0.093241 1.029708 1.404727 0.689465 1.409565 0.0 0.0
10.03 0.843690 0.329692 0.423663 0.093241 1.029708 1.404727 0.689465 1.409565 0.0 0.0
10.04 0.843690 0.329692 0.423663 0.093241 1.029708 1.404727 0.689465 1.409565 0.0 0.0
10.05 0.843690 0.329692 0.423663 0.093241 1.029708 1.404727 0.689465 1.409565 0.0 0.0
11.01 0.811330 0.339956 0.475576 0.095955 0.966031 1.580568 0.660141 1.383726 0.0 0.0
11.02 0.811330 0.339956 0.475576 0.095955 0.966031 1.580568 0.660141 1.383726 0.0 0.0
11.03 0.811330 0.339956 0.475576 0.095955 0.966031 1.580568 0.660141 1.383726 0.0 0.0
11.04 0.811330 0.339956 0.475576 0.095955 0.966031 1.580568 0.660141 1.383726 0.0 0.0
11.05 0.811330 0.339956 0.475576 0.095955 0.966031 1.580568 0.660141 1.383726 0.0 0.0
12.01 0.813133 0.353872 0.462158 0.091839 0.963711 1.302988 0.620459 1.512982 0.0 0.0
12.02 0.813133 0.353872 0.462158 0.091839 0.963711 1.302988 0.620459 1.512982 0.0 0.0
12.03 0.813133 0.353872 0.462158 0.091839 0.963711 1.302988 0.620459 1.512982 0.0 0.0
12.04 0.813133 0.353872 0.462158 0.091839 0.963711 1.302988 0.620459 1.512982 0.0 0.0
12.05 0.813133 0.353872 0.462158 0.091839 0.963711 1.302988 0.620459 1.512982 0.0 0.0
13.01 0.829523 0.317118 0.459704 0.095653 1.011860 1.534749 0.627510 1.392627 0.0 0.0
13.02 0.829523 0.317118 0.459704 0.095653 1.011860 1.534749 0.627510 1.392627 0.0 0.0
13.03 0.829523 0.317118 0.459704 0.095653 1.011860 1.534749 0.627510 1.392627 0.0 0.0
13.04 0.829523 0.317118 0.459704 0.095653 1.011860 1.534749 0.627510 1.392627 0.0 0.0
13.05 0.829523 0.317118 0.459704 0.095653 1.011860 1.534749 0.627510 1.392627 0.0 0.0
14.01 0.823888 0.356872 0.440285 0.091559 1.061281 1.419694 0.607728 1.408411 0.0 0.0
14.02 0.823888 0.356872 0.440285 0.091559 1.061281 1.419694 0.607728 1.408411 0.0 0.0
14.03 0.823888 0.356872 0.440285 0.091559 1.061281 1.419694 0.607728 1.408411 0.0 0.0
14.04 0.823888 0.356872 0.440285 0.091559 1.061281 1.419694 0.607728 1.408411 0.0 0.0
14.05 0.823888 0.356872 0.440285 0.091559 1.061281 1.419694 0.607728 1.408411 0.0 0.0
15.01 0.839359 0.344304 0.420633 0.093944 1.009393 1.370913 0.611259 1.467967 0.0 0.0
15.02 0.839359 0.344304 0.420633 0.093944 1.009393 1.370913 0.611259 1.467967 0.0 0.0
15.03 0.839359 0.344304 0.420633 0.093944 1.009393 1.370913 0.611259 1.467967 0.0 0.0
15.04 0.839359 0.344304 0.420633 0.093944 1.009393 1.370913 0.611259 1.467967 0.0 0.0
15.05 0.839359 0.344304 0.420633 0.093944 1.009393 1.370913 0.611259 1.467967 0.0 0.0
16.01 0.802831 0.343675 0.487186 0.090217 1.085933 1.487686 0.582750 1.502985 0.0 0.0
16.02 0.802831 0.343675 0.487186 0.090217 1.085933 1.487686 0.582750 1.502985 0.0 0.0
16.03 0.802831 0.343675 0.487186 0.090217 1.085933 1.487686 0.582750 1.502985 0.0 0.0
16.04 0.802831 0.343675 0.487186 0.090217 1.085933 1.487686 0.582750 1.502985 0.0 0.0
16.05 0.802831 0.343675 0.487186 0.090217 1.085933 1.487686 0.582750 1.502985 0.0 0.0
17.01 0.827599 0.332002 0.452609 0.094582 0.956046 1.302318 0.585518 1.505156 0.0 0.0
17.02 0.827599 0.332002 0.452609 0.094582 0.956046 1.302318 0.585518 1.505156 0.0 0.0
17.03 0.827599 0.332002 0.452609 0.094582 0.956046 1.302318 0.585518 1.505156 0.0 0.0
17.04 0.827599 0.332002 0.452609 0.094582 0.956046 1.302318 0.585518 1.505156 0.0 0.0
17.05 0.827599 0.332002 0.452609 0.094582 0.956046 1.302318 0.585518 1.505156 0.0 0.0
18.01 0.831687 0.353063 0.428537 0.087897 1.029285 1.465481 0.630764 1.454235 0.0 0.0
18.02 0.831687 0.353063 0.428537 0.087897 1.029285 1.465481 0.630764 1.454235 0.0 0.0
18.03 0.831687 0.353063 0.428537 0.087897 1.029285 1.465481 0.630764 1.454235 0.0 0.0
18.04 0.831687 0.353063 0.428537 0.087897 1.029285 1.465481 0.630764 1.454235 0.0 0.0
18.05 0.831687 0.353063 0.428537 0.087897 1.029285 1.465481 0.630764 1.454235 0.0 0.0
19.01 0.820486 0.366994 0.438312 0.090140 0.983292 1.308007 0.604128 1.373743 0.0 0.0
19.02 0.820486 0.366994 0.438312 0.090140 0.983292 1.308007 0.604128 1.373743 0.0 0.0
19.03 0.820486 0.366994 0.438312 0.090140 0.983292 1.308007 0.604128 1.373743 0.0 0.0
19.04 0.820486 0.366994 0.438312 0.090140 0.983292 1.308007 0.604128 1.373743 0.0 0.0
19.05 0.820486 0.366994 0.438312 0.090140 0.983292 1.308007 0.604128 1.373743 0.0 0.0
20.01 0.840719 0.328884 0.430148 0.087662 0.971315 1.535261 0.633365 1.555648 0.0 0.0
20.02 0.840719 0.328884 0.430148 0.087662 0.971315 1.535261 0.633365 1.555648 0.0 0.0
20.03 0.840719 0.328884 0.430148 0.087662 0.971315 1.535261 0.633365 1.555648 0.0 0.0
20.04 0.840719 0.328884 0.430148 0.087662 0.971315 1.535261 0.633365 1.555648 0.0 0.0
20.05 0.840719 0.328884 0.430148 0.087662 0.971315 1.535261 0.633365 1.555648 0.0 0.0
21.01 0.808177 0.365794 0.461568 0.094716 0.973827 1.393570 0.669217 1.517586 0.0 0.0
21.02 0.808177 0.365794 0.461568 0.094716 0.973827 1.393570 0.669217 1.517586 0.0 0.0
21.03 0.808177 0.365794 0.461568 0.094716 0.973827 1.393570 0.669217 1.517586 0.0 0.0
21.04 0.808177 0.365794 0.461568 0.094716 0.973827 1.393570 0.669217 1.517586 0.0 0.0
21.05 0.808177 0.365794 0.461568 0.094716 0.973827 1.393570 0.669217 1.517586 0.0 0.0
22.01 0.796037 0.376829 0.473630 0.090654 1.034680 1.455259 0.578077 1.379759 0.0 0.0
22.02 0.796037 0.376829 0.473630 0.090654 1.034680 1.455259 0.578077 1.379759 0.0 0.0
22.03 0.796037 0.376829 0.473630 0.090654 1.034680 1.455259 0.578077 1.379759 0.0 0.0
22.04 0.796037 0.376829 0.473630 0.090654 1.034680 1.455259 0.578077 1.379759 0.0 0.0
22.05 0.796037 0.376829 0.473630 0.090654 1.034680 1.455259 0.578077 1.379759 0.0 0.0
23.01 0.830516 0.355048 0.429167 0.093046 1.033029 1.560529 0.645286 1.392376 0.0 0.0
23.02 0.830516 0.355048 0.429167 0.093046 1.033029 1.560529 0.645286 1.392376 0.0 0.0
23.03 0.830516 0.355048 0.429167 0.093046 1.033029 1.560529 0.645286 1.392376 0.0 0.0
23.04 0.830516 0.355048 0.429167 0.093046 1.033029 1.560529 0.645286 1.392376 0.0 0.0
23.05 0.830516 0.355048 0.429167 0.093046 1.033029 1.560529 0.645286 1.392376 0.0 0.0
24.01 0.811535 0.359573 0.460562 0.084466 0.910290 1.438362 0.585183 1.582371 0.0 0.0
24.02 0.811535 0.359573 0.460562 0.084466 0.910290 1.438362 0.585183 1.582371 0.0 0.0
24.03 0.811535 0.359573 0.460562 0.084466 0.910290 1.438362 0.585183 1.582371 0.0 0.0
24.04 0.811535 0.359573 0.460562 0.084466 0.910290 1.438362 0.585183 1.582371 0.0 0.0
24.05 0.811535 0.359573 0.460562 0.084466 0.910290 1.438362 0.585183 1.582371 0.0 0.0
25.01 0.839056 0.328268 0.433849 0.089019 1.068967 1.412180 0.635147 1.630985 0.0 0.0
25.02 0.839056 0.328268 0.433849 0.089019 1.068967 1.412180 0.635147 1.630985 0.0 0.0
25.03 0.839056 0.328268 0.433849 0.089019 1.068967 1.412180 0.635147 1.630985 0.0 0.0
25.04 0.839056 0.328268 0.433849 0.089019 1.068967 1.412180 0.635147 1.630985 0.0 0.0
25.05 0.839056 0.328268 0.433849 0.089019 1.068967 1.412180 0.635147 1.630985 0.0 0.0
26.01 0.831950 0.340883 0.437787 0.082792 0.915545 1.538878 0.696635 1.401505 0.0 0.0
26.02 0.831950 0.340883 0.437787 0.082792 0.915545 1.538878 0.696635 1.401505 0.0 0.0
26.03 0.831950 0.340883 0.437787 0.082792 0.915545 1.538878 0.696635 1.401505 0.0 0.0
26.04 0.831950 0.340883 0.437787 0.082792 0.915545 1.538878 0.696635 1.401505 0.0 0.0
26.05 0.831950 0.340883 0.437787 0.082792 0.915545 1.538878 0.696635 1.401505 0.0 0.0
27.01 0.834215 0.324071 0.446166 0.082951 1.006871 1.502362 0.700702 1.530166 0.0 0.0
27.02 0.834215 0.324071 0.446166 0.082951 1.006871 1.502362 0.700702 1.530166 0.0 0.0
27.03 0.834215 0.324071 0.446166 0.082951 1.006871 1.502362 0.700702 1.530166 0.0 0.0
27.04 0.834215 0.324071 0.446166 0.082951 1.006871 1.502362 0.700702 1.530166 0.0 0.0
27.05 0.834215 0.324071 0.446166 0.082951 1.006871 1.502362 0.700702 1.530166 0.0 0.0
28.01 0.838912 0.364886 0.403837 0.095507 0.946756 1.441091 0.673119 1.531259 0.0 0.0
28.02 0.838912 0.364886 0.403837 0.095507 0.946756 1.441091 0.673119 1.531259 0.0 0.0
28.03 0.838912 0.364886 0.403837 0.095507 0.946756 1.441091 0.673119 1.531259 0.0 0.0
28.04 0.838912 0.364886 0.403837 0.095507 0.946756 1.441091 0.673119 1.531259 0.0 0.0
28.05 0.838912 0.364886 0.403837 0.095507 0.946756 1.441091 0.673119 1.531259 0.0 0.0
29.01 0.822550 0.333756 0.460454 0.080633 1.066463 1.345604 0.679246 1.529250 0.0 0.0
29.02 0.822550 0.333756 0.460454 0.080633 1.066463 1.345604 0.679246 1.529250 0.0 0.0
29.03 0.822550 0.333756 0.460454 0.080633 1.066463 1.345604 0.679246 1.529250 0.0 0.0
29.04 0.822550 0.333756 0.460454 0.080633 1.066463 1.345604 0.679246 1.529250 0.0 0.0
29.05 0.822550 0.333756 0.460454 0.080633 1.066463 1.345604 0.679246 1.529250 0.0 0.0
