0.01 0.486492 0.868144 0.098242 1.447371 0.425556 0.269240 1.191631 1.284772 0.0 0.0
0.02 0.486492 0.868144 0.098242 1.447371 0.425556 0.269240 1.191631 1.284772 0.0 0.0
0.03 0.486492 0.868144 0.098242 1.447371 0.425556 0.269240 1.191631 1.284772 0.0 0.0
0.04 0.486492 0.868144 0.098242 1.447371 0.425556 0.269240 1.191631 1.284772 0.0 0.0
0.05 0.486492 0.868144 0.098242 1.447371 0.425556 0.269240 1.191631 1.284772 0.0 0.0
1.01 0.010736 0.877801 0.478906 1.568430 0.705412 1.300914 0.714292 0.439292 0.0 0.0
1.02 0.010736 0.877801 0.478906 1.568430 0.705412 1.300914 0.714292 0.439292 0.0 0.0
1.03 0.010736 0.877801 0.478906 1.568430 0.705412 1.300914 0.714292 0.439292 0.0 0.0
1.04 0.010736 0.877801 0.478906 1.568430 0.705412 1.300914 0.714292 0.439292 0.0 0.0
1.05 0.010736 0.877801 0.478906 1.568430 0.705412 1.300914 0.714292 0.439292 0.0 0.0
2.01 0.530315 0.846729 0.042618 1.368275 1.433868 1.507133 0.569343 0.954988 0.0 0.0
2.02 0.530315 0.846729 0.042618 1.368275 1.433868 1.507133 0.569343 0.954988 0.0 0.0
2.03 0.530315 0.846729 0.042618 1.368275 1.433868 1.507133 0.569343 0.954988 0.0 0.0
2.04 0.530315 0.846729 0.042618 1.368275 1.433868 1.507133 0.569343 0.954988 0.0 0.0
2.05 0.530315 0.846729 0.042618 1.368275 1.433868 1.507133 0.569343 0.954988 0.0 0.0
3.01 0.686439 0.377927 0.621266 0.290875 0.540996 1.520330 0.028566 0.049800 0.0 0.0
3.02 0.686439 0.377927 0.621266 0.290875 0.540996 1.520330 0.028566 0.049800 0.0 0.0
3.03 0.686439 0.377927 0.621266 0.290875 0.540996 1.520330 0.028566 0.049800 0.0 0.0
3.04 0.686439 0.377927 0.621266 0.290875 0.540996 1.520330 0.028566 0.049800 0.0 0.0
3.05 0.686439 0.377927 0.621266 0.290875 0.540996 1.520330 0.028566 0.049800 0.0 0.0
4.01 0.445107 0.707960 0.548336 0.636561 0.108182 0.268543 0.060147 1.521172 0.0 0.0
4.02 0.445107 0.707960 0.548336 0.636561 0.108182 0.268543 0.060147 1.521172 0.0 0.0
4.03 0.445107 0.707960 0.548336 0.636561 0.108182 0.268543 0.060147 1.521172 0.0 0.0
4.04 0.445107 0.707960 0.548336 0.636561 0.108182 0.268543 0.060147 1.521172 0.0 0.0
4.05 0.445107 0.707960 0.548336 0.636561 0.108182 0.268543 0.060147 1.521172 0.0 0.0
5.01 0.384201 0.676447 0.628338 0.407601 0.958352 1.528146 0.380533 0.452779 0.0 0.0
5.02 0.384201 0.676447 0.628338 0.407601 0.958352 1.528146 0.380533 0.452779 0.0 0.0
5.03 0.384201 0.676447 0.628338 0.407601 0.958352 1.528146 0.380533 0.452779 0.0 0.0
5.04 0.384201 0.676447 0.628338 0.407601 0.958352 1.528146 0.380533 0.452779 0.0 0.0
5.05 0.384201 0.676447 0.628338 0.407601 0.958352 1.528146 0.380533 0.452779 0.0 0.0
6.01 0.501974 0.779652 0.374385 0.401150 0.899963 1.512704 0.158981 0.534686 0.0 0.0
6.02 0.501974 0.779652 0.374385 0.401150 0.899963 1.512704 0.158981 0.534686 0.0 0.0
6.03 0.501974 0.779652 0.374385 0.401150 0.899963 1.512704 0.158981 0.534686 0.0 0.0
6.04 0.501974 0.779652 0.374385 0.401150 0.899963 1.512704 0.158981 0.534686 0.0 0.0
6.05 0.501974 0.779652 0.374385 0.401150 0.899963 1.512704 0.158981 0.534686 0.0 0.0
7.01 0.187068 0.662183 0.725616 1.009194 0.227585 0.773034 1.513195 0.938379 0.0 0.0
7.02 0.187068 0.662183 0.725616 1.009194 0.227585 0.773034 1.513195 0.938379 0.0 0.0
7.03 0.187068 0.662183 0.725616 1.009194 0.227585 0.773034 1.513195 0.938379 0.0 0.0
7.04 0.187068 0.662183 0.725616 1.009194 0.227585 0.773034 1.513195 0.938379 0.0 0.0
7.05 0.187068 0.662183 0.725616 1.009194 0.227585 0.773034 1.513195 0.938379 0.0 0.0
8.01 0.566128 0.732568 0.377946 1.381788 0.956610 1.410695 0.090156 1.185960 0.0 0.0
8.02 0.566128 0.732568 0.377946 1.381788 0.956610 1.410695 0.090156 1.185960 0.0 0.0
8.03 0.566128 0.732568 0.377946 1.381788 0.956610 1.410695 0.090156 1.185960 0.0 0.0
8.04 0.566128 0.732568 0.377946 1.381788 0.956610 1.410695 0.090156 1.185960 0.0 0.0
8.05 0.566128 0.732568 0.377946 1.381788 0.956610 1.410695 0.090156 1.185960 0.0 0.0
9.01 0.695592 0.664634 0.272789 1.411338 1.321168 0.373179 1.545566 0.441113 0.0 0.0
9.02 0.695592 0.664634 0.272789 1.411338 1.321168 0.373179 1.545566 0.441113 0.0 0.0
9.03 0.695592 0.664634 0.272789 1.411338 1.321168 0.373179 1.545566 0.441113 0.0 0.0
9.04 0.695592 0.664634 0.272789 1.411338 1.321168 0.373179 1.545566 0.441113 0.0 0.0
9.05 0.695592 0.664634 0.272789 1.411338 1.321168 0.373179 1.545566 0.441113 0.0 0.0
10.01 0.329302 0.888726 0.318944 1.390174 1.384556 1.415411 1.399357 0.471290 0.0 0.0
10.02 0.329302 0.888726 0.318944 1.390174 1.384556 1.415411 1.399357 0.471290 0.0 0.0
10.03 0.329302 0.888726 0.318944 1.390174 1.384556 1.415411 1.399357 0.471290 0.0 0.0
10.04 0.329302 0.888726 0.318944 1.390174 1.384556 1.415411 1.399357 0.471290 0.0 0.0
10.05 0.329302 0.888726 0.318944 1.390174 1.384556 1.415411 1.399357 0.471290 0.0 0.0
11.01 0.923967 0.382240 0.013293 0.308614 0.855687 0.862920 0.964290 0.533587 0.0 0.0
11.02 0.923967 0.382240 0.013293 0.308614 0.855687 0.862920 0.964290 0.533587 0.0 0.0
11.03 0.923967 0.382240 0.013293 0.308614 0.855687 0.862920 0.964290 0.533587 0.0 0.0
11.04 0.923967 0.382240 0.013293 0.308614 0.855687 0.862920 0.964290 0.533587 0.0 0.0
11.05 0.923967 0.382240 0.013293 0.308614 0.855687 0.862920 0.964290 0.533587 0.0 0.0
12.01 0.021894 0.111285 0.993547 0.723278 1.117466 0.448445 1.272820 0.011825 0.0 0.0
12.02 0.021894 0.111285 0.993547 0.723278 1.117466 0.448445 1.272820 0.011825 0.0 0.0
12.03 0.021894 0.111285 0.993547 0.723278 1.117466 0.448445 1.272820 0.011825 0.0 0.0
12.04 0.021894 0.111285 0.993547 0.723278 1.117466 0.448445 1.272820 0.011825 0.0 0.0
12.05 0.021894 0.111285 0.993547 0.723278 1.117466 0.448445 1.272820 0.011825 0.0 0.0
13.01 0.472597 0.327228 0.818275 1.121877 0.224299 0.083089 0.153955 1.272188 0.0 0.0
13.02 0.472597 0.327228 0.818275 1.121877 0.224299 0.083089 0.153955 1.272188 0.0 0.0
13.03 0.472597 0.327228 0.818275 1.121877 0.224299 0.083089 0.153955 1.272188 0.0 0.0
13.04 0.472597 0.327228 0.818275 1.121877 0.224299 0.083089 0.153955 1.272188 0.0 0.0
13.05 0.472597 0.327228 0.818275 1.121877 0.224299 0.083089 0.153955 1.272188 0.0 0.0
14.01 0.557774 0.683622 0.470690 1.014788 1.239771 0.841852 1.526153 1.559133 0.0 0.0
14.02 0.557774 0.683622 0.470690 1.014788 1.239771 0.841852 1.526153 1.559133 0.0 0.0
14.03 0.557774 0.683622 0.470690 1.014788 1.239771 0.841852 1.526153 1.559133 0.0 0.0
14.04 0.557774 0.683622 0.470690 1.014788 1.239771 0.841852 1.526153 1.559133 0.0 0.0
14.05 0.557774 0.683622 0.470690 1.014788 1.239771 0.841852 1.526153 1.559133 0.0 0.0
15.01 0.662978 0.654093 0.364173 0.436567 1.558998 0.950224 1.310566 0.724245 0.0 0.0
15.02 0.662978 0.654093 0.364173 0.436567 1.558998 0.950224 1.310566 0.724245 0.0 0.0
15.03 0.662978 0.654093 0.364173 0.436567 1.558998 0.950224 1.310566 0.724245 0.0 0.0
15.04 0.662978 0.654093 0.364173 0.436567 1.558998 0.950224 1.310566 0.724245 0.0 0.0
15.05 0.662978 0.654093 0.364173 0.436567 1.558998 0.950224 1.310566 0.724245 0.0 0.0
16.01 0.649843 0.656463 0.383094 0.707246 1.348225 0.912194 0.856523 0.319219 0.0 0.0
16.02 0.649843 0.656463 0.383094 0.707246 1.348225 0.912194 0.856523 0.319219 0.0 0.0
16.03 0.649843 0.656463 0.383094 0.707246 1.348225 0.912194 0.856523 0.319219 0.0 0.0
16.04 0.649843 0.656463 0.383094 0.707246 1.348225 0.912194 0.856523 0.319219 0.0 0.0
16.05 0.649843 0.656463 0.383094 0.707246 1.348225 0.912194 0.856523 0.319219 0.0 0.0
17.01 0.974802 0.030669 0.220954 0.755757 1.254175 0.992675 1.119752 0.848314 0.0 0.0
17.02 0.974802 0.030669 0.220954 0.755757 1.254175 0.992675 1.119752 0.848314 0.0 0.0
17.03 0.974802 0.030669 0.220954 0.755757 1.254175 0.992675 1.119752 0.848314 0.0 0.0
17.04 0.974802 0.030669 0.220954 0.755757 1.254175 0.992675 1.119752 0.848314 0.0 0.0
17.05 0.974802 0.030669 0.220954 0.755757 1.254175 0.992675 1.119752 0.848314 0.0 0.0
18.01 0.179401 0.850706 0.494080 0.214015 0.411213 0.523427 0.438013 1.442339 0.0 0.0
18.02 0.179401 0.850706 0.494080 0.214015 0.411213 0.523427 0.438013 1.442339 0.0 0.0
18.03 0.179401 0.850706 0.494080 0.214015 0.411213 0.523427 0.438013 1.442339 0.0 0.0
18.04 0.179401 0.850706 0.494080 0.214015 0.411213 0.523427 0.438013 1.442339 0.0 0.0
18.05 0.179401 0.850706 0.494080 0.214015 0.411213 0.523427 0.438013 1.442339 0.0 0.0
19.01 0.354372 0.644440 0.677582 0.554112 1.076050 0.291640 0.925969 0.819633 0.0 0.0
19.02 0.354372 0.644440 0.677582 0.554112 1.076050 0.291640 0.925969 0.819633 0.0 0.0
19.03 0.354372 0.644440 0.677582 0.554112 1.076050 0.291640 0.925969 0.819633 0.0 0.0
19.04 0.354372 0.644440 0.677582 0.554112 1.076050 0.291640 0.925969 0.819633 0.0 0.0
19.05 0.354372 0.644440 0.677582 0.554112 1.076050 0.291640 0.925969 0.819633 0.0 0.0
20.01 0.369693 0.873135 0.317747 1.321326 1.080046 0.518030 0.575175 0.075091 0.0 0.0
20.02 0.369693 0.873135 0.317747 1.321326 1.080046 0.518030 0.575175 0.075091 0.0 0.0
20.03 0.369693 0.873135 0.317747 1.321326 1.080046 0.518030 0.575175 0.075091 0.0 0.0
20.04 0.369693 0.873135 0.317747 1.321326 1.080046 0.518030 0.575175 0.075091 0.0 0.0
20.05 0.369693 0.873135 0.317747 1.321326 1.080046 0.518030 0.575175 0.075091 0.0 0.0
21.01 0.633809 0.221019 0.741240 1.293193 0.704441 0.827402 1.403312 0.132859 0.0 0.0
21.02 0.633809 0.221019 0.741240 1.293193 0.704441 0.827402 1.403312 0.132859 0.0 0.0
21.03 0.633809 0.221019 0.741240 1.293193 0.704441 0.827402 1.403312 0.132859 0.0 0.0
21.04 0.633809 0.221019 0.741240 1.293193 0.704441 0.827402 1.403312 0.132859 0.0 0.0
21.05 0.633809 0.221019 0.741240 1.293193 0.704441 0.827402 1.403312 0.132859 0.0 0.0
22.01 0.150851 0.986897 0.057254 0.803633 1.412888 0.268517 0.926685 0.539116 0.0 0.0
22.02 0.150851 0.986897 0.057254 0.803633 1.412888 0.268517 0.926685 0.539116 0.0 0.0
22.03 0.150851 0.986897 0.057254 0.803633 1.412888 0.268517 0.926685 0.539116 0.0 0.0
22.04 0.150851 0.986897 0.057254 0.803633 1.412888 0.268517 0.926685 0.539116 0.0 0.0
22.05 0.150851 0.986897 0.057254 0.803633 1.412888 0.268517 0.926685 0.539116 0.0 0.0
23.01 0.808433 0.530631 0.254689 0.235728 1.060543 0.383847 0.711215 1.022794 0.0 0.0
23.02 0.808433 0.530631 0.254689 0.235728 1.060543 0.383847 0.711215 1.022794 0.0 0.0
23.03 0.808433 0.530631 0.254689 0.235728 1.060543 0.383847 0.711215 1.022794 0.0 0.0
23.04 0.808433 0.530631 0.254689 0.235728 1.060543 0.383847 0.711215 1.022794 0.0 0.0
23.05 0.808433 0.530631 0.254689 0.235728 1.060543 0.383847 0.711215 1.022794 0.0 0.0
24.01 0.235191 0.529573 0.815008 0.283215 0.742582 0.020621 0.652140 1.552212 0.0 0.0
24.02 0.235191 0.529573 0.815008 0.283215 0.742582 0.020621 0.652140 1.552212 0.0 0.0
24.03 0.235191 0.529573 0.815008 0.283215 0.742582 0.020621 0.652140 1.552212 0.0 0.0
24.04 0.235191 0.529573 0.815008 0.283215 0.742582 0.020621 0.652140 1.552212 0.0 0.0
24.05 0.235191 0.529573 0.815008 0.283215 0.742582 0.020621 0.652140 1.552212 0.0 0.0
25.01 0.955455 0.247317 0.161059 0.495287 0.421417 0.872744 1.134532 0.489974 0.0 0.0
25.02 0.955455 0.247317 0.161059 0.495287 0.421417 0.872744 1.134532 0.489974 0.0 0.0
25.03 0.955455 0.247317 0.161059 0.495287 0.421417 0.872744 1.134532 0.489974 0.0 0.0
25.04 0.955455 0.247317 0.161059 0.495287 0.421417 0.872744 1.134532 0.489974 0.0 0.0
25.05 0.955455 0.247317 0.161059 0.495287 0.421417 0.872744 1.134532 0.489974 0.0 0.0
26.01 0.780858 0.600660 0.171666 1.432939 0.878753 1.196080 0.824975 0.513712 0.0 0.0
26.02 0.780858 0.600660 0.171666 1.432939 0.878753 1.196080 0.824975 0.513712 0.0 0.0
26.03 0.780858 0.600660 0.171666 1.432939 0.878753 1.196080 0.824975 0.513712 0.0 0.0
26.04 0.780858 0.600660 0.171666 1.432939 0.878753 1.196080 0.824975 0.513712 0.0 0.0
26.05 0.780858 0.600660 0.171666 1.432939 0.878753 1.196080 0.824975 0.513712 0.0 0.0
27.01 0.806613 0.476609 0.349599 0.673438 0.675328 1.201004 0.495073 0.321296 0.0 0.0
27.02 0.806613 0.476609 0.349599 0.673438 0.675328 1.201004 0.495073 0.321296 0.0 0.0
27.03 0.806613 0.476609 0.349599 0.673438 0.675328 1.201004 0.495073 0.321296 0.0 0.0
27.04 0.806613 0.476609 0.349599 0.673438 0.675328 1.201004 0.495073 0.321296 0.0 0.0
27.05 0.806613 0.476609 0.349599 0.673438 0.675328 1.201004 0.495073 0.321296 0.0 0.0
28.01 0.350037 0.664802 0.659934 0.866377 0.567485 0.179338 0.479148 0.154513 0.0 0.0
28.02 0.350037 0.664802 0.659934 0.866377 0.567485 0.179338 0.479148 0.154513 0.0 0.0
28.03 0.350037 0.664802 0.659934 0.866377 0.567485 0.179338 0.479148 0.154513 0.0 0.0
28.04 0.350037 0.664802 0.659934 0.866377 0.567485 0.179338 0.479148 0.154513 0.0 0.0
28.05 0.350037 0.664802 0.659934 0.866377 0.567485 0.179338 0.479148 0.154513 0.0 0.0
29.01 0.558916 0.581592 0.591070 0.037528 0.394548 0.561386 1.113602 0.875474 0.0 0.0
29.02 0.558916 0.581592 0.591070 0.037528 0.394548 0.561386 1.113602 0.875474 0.0 0.0
29.03 0.558916 0.581592 0.591070 0.037528 0.394548 0.561386 1.113602 0.875474 0.0 0.0
29.04 0.558916 0.581592 0.591070 0.037528 0.394548 0.561386 1.113602 0.875474 0.0 0.0
29.05 0.558916 0.581592 0.591070 0.037528 0.394548 0.561386 1.113602 0.875474 0.0 0.0
30.01 0.525084 0.693326 0.493543 0.794834 1.542633 1.252921 0.594275 0.020769 0.0 0.0
30.02 0.525084 0.693326 0.493543 0.794834 1.542633 1.252921 0.594275 0.020769 0.0 0.0
30.03 0.525084 0.693326 0.493543 0.794834 1.542633 1.252921 0.594275 0.020769 0.0 0.0
30.04 0.525084 0.693326 0.493543 0.794834 1.542633 1.252921 0.594275 0.020769 0.0 0.0
30.05 0.525084 0.693326 0.493543 0.794834 1.542633 1.252921 0.594275 0.020769 0.0 0.0
31.01 0.556352 0.064580 0.828433 0.814202 1.531019 0.040210 0.834687 0.523755 0.0 0.0
31.02 0.556352 0.064580 0.828433 0.814202 1.531019 0.040210 0.834687 0.523755 0.0 0.0
31.03 0.556352 0.064580 0.828433 0.814202 1.531019 0.040210 0.834687 0.523755 0.0 0.0
31.04 0.556352 0.064580 0.828433 0.814202 1.531019 0.040210 0.834687 0.523755 0.0 0.0
31.05 0.556352 0.064580 0.828433 0.814202 1.531019 0.040210 0.834687 0.523755 0.0 0.0
32.01 0.719600 0.596955 0.354712 0.961584 0.756054 1.545268 0.645201 0.735095 0.0 0.0
32.02 0.719600 0.596955 0.354712 0.961584 0.756054 1.545268 0.645201 0.735095 0.0 0.0
32.03 0.719600 0.596955 0.354712 0.961584 0.756054 1.545268 0.645201 0.735095 0.0 0.0
32.04 0.719600 0.596955 0.354712 0.961584 0.756054 1.545268 0.645201 0.735095 0.0 0.0
32.05 0.719600 0.596955 0.354712 0.961584 0.756054 1.545268 0.645201 0.735095 0.0 0.0
33.01 0.524621 0.194292 0.828869 0.514712 0.766950 0.906800 1.180120 0.330032 0.0 0.0
33.02 0.524621 0.194292 0.828869 0.514712 0.766950 0.906800 1.180120 0.330032 0.0 0.0
33.03 0.524621 0.194292 0.828869 0.514712 0.766950 0.906800 1.180120 0.330032 0.0 0.0
33.04 0.524621 0.194292 0.828869 0.514712 0.766950 0.906800 1.180120 0.330032 0.0 0.0
33.05 0.524621 0.194292 0.828869 0.514712 0.766950 0.906800 1.180120 0.330032 0.0 0.0
34.01 0.171160 0.602790 0.779326 0.654797 1.244435 0.963344 0.692395 1.094585 0.0 0.0
34.02 0.171160 0.602790 0.779326 0.654797 1.244435 0.963344 0.692395 1.094585 0.0 0.0
34.03 0.171160 0.602790 0.779326 0.654797 1.244435 0.963344 0.692395 1.094585 0.0 0.0
34.04 0.171160 0.602790 0.779326 0.654797 1.244435 0.963344 0.692395 1.094585 0.0 0.0
34.05 0.171160 0.602790 0.779326 0.654797 1.244435 0.963344 0.692395 1.094585 0.0 0.0
35.01 0.439967 0.883411 0.161287 1.278153 0.557302 1.115033 0.459548 1.240582 0.0 0.0
35.02 0.439967 0.883411 0.161287 1.278153 0.557302 1.115033 0.459548 1.240582 0.0 0.0
35.03 0.439967 0.883411 0.161287 1.278153 0.557302 1.115033 0.459548 1.240582 0.0 0.0
35.04 0.439967 0.883411 0.161287 1.278153 0.557302 1.115033 0.459548 1.240582 0.0 0.0
35.05 0.439967 0.883411 0.161287 1.278153 0.557302 1.115033 0.459548 1.240582 0.0 0.0
36.01 0.888711 0.308266 0.339359 0.678310 0.138200 0.483188 0.857171 0.191218 0.0 0.0
36.02 0.888711 0.308266 0.339359 0.678310 0.138200 0.483188 0.857171 0.191218 0.0 0.0
36.03 0.888711 0.308266 0.339359 0.678310 0.138200 0.483188 0.857171 0.191218 0.0 0.0
36.04 0.888711 0.308266 0.339359 0.678310 0.138200 0.483188 0.857171 0.191218 0.0 0.0
36.05 0.888711 0.308266 0.339359 0.678310 0.138200 0.483188 0.857171 0.191218 0.0 0.0
37.01 0.695827 0.125993 0.707071 0.576829 1.548540 0.976296 0.084309 0.129324 0.0 0.0
37.02 0.695827 0.125993 0.707071 0.576829 1.548540 0.976296 0.084309 0.129324 0.0 0.0
37.03 0.695827 0.125993 0.707071 0.576829 1.548540 0.976296 0.084309 0.129324 0.0 0.0
37.04 0.695827 0.125993 0.707071 0.576829 1.548540 0.976296 0.084309 0.129324 0.0 0.0
37.05 0.695827 0.125993 0.707071 0.576829 1.548540 0.976296 0.084309 0.129324 0.0 0.0
38.01 0.687729 0.468243 0.554777 0.572623 1.109183 1.089577 1.386670 0.556711 0.0 0.0
38.02 0.687729 0.468243 0.554777 0.572623 1.109183 1.089577 1.386670 0.556711 0.0 0.0
38.03 0.687729 0.468243 0.554777 0.572623 1.109183 1.089577 1.386670 0.556711 0.0 0.0
38.04 0.687729 0.468243 0.554777 0.572623 1.109183 1.089577 1.386670 0.556711 0.0 0.0
38.05 0.687729 0.468243 0.554777 0.572623 1.109183 1.089577 1.386670 0.556711 0.0 0.0
39.01 0.777287 0.064194 0.625863 1.023407 0.802211 1.165675 1.253521 0.249500 0.0 0.0
39.02 0.777287 0.064194 0.625863 1.023407 0.802211 1.165675 1.253521 0.249500 0.0 0.0
39.03 0.777287 0.064194 0.625863 1.023407 0.802211 1.165675 1.253521 0.249500 0.0 0.0
39.04 0.777287 0.064194 0.625863 1.023407 0.802211 1.165675 1.253521 0.249500 0.0 0.0
39.05 0.777287 0.064194 0.625863 1.023407 0.802211 1.165675 1.253521 0.249500 0.0 0.0
40.01 0.782534 0.071627 0.618475 0.804673 0.595734 0.685428 1.223064 1.097894 0.0 0.0
40.02 0.782534 0.071627 0.618475 0.804673 0.595734 0.685428 1.223064 1.097894 0.0 0.0
40.03 0.782534 0.071627 0.618475 0.804673 0.595734 0.685428 1.223064 1.097894 0.0 0.0
40.04 0.782534 0.071627 0.618475 0.804673 0.595734 0.685428 1.223064 1.097894 0.0 0.0
40.05 0.782534 0.071627 0.618475 0.804673 0.595734 0.685428 1.223064 1.097894 0.0 0.0
41.01 0.117963 0.826159 0.550950 0.960657 0.174876 1.161092 0.530768 1.502939 0.0 0.0
41.02 0.117963 0.826159 0.550950 0.960657 0.174876 1.161092 0.530768 1.502939 0.0 0.0
41.03 0.117963 0.826159 0.550950 0.960657 0.174876 1.161092 0.530768 1.502939 0.0 0.0
41.04 0.117963 0.826159 0.550950 0.960657 0.174876 1.161092 0.530768 1.502939 0.0 0.0
41.05 0.117963 0.826159 0.550950 0.960657 0.174876 1.161092 0.530768 1.502939 0.0 0.0
42.01 0.263555 0.751496 0.604808 0.256406 0.293872 1.088126 1.503625 0.709815 0.0 0.0
42.02 0.263555 0.751496 0.604808 0.256406 0.293872 1.088126 1.503625 0.709815 0.0 0.0
42.03 0.263555 0.751496 0.604808 0.256406 0.293872 1.088126 1.503625 0.709815 0.0 0.0
42.04 0.263555 0.751496 0.604808 0.256406 0.293872 1.088126 1.503625 0.709815 0.0 0.0
42.05 0.263555 0.751496 0.604808 0.256406 0.293872 1.088126 1.503625 0.709815 0.0 0.0
43.01 0.170448 0.432464 0.885394 0.194629 0.016835 0.508431 0.925949 0.516819 0.0 0.0
43.02 0.170448 0.432464 0.885394 0.194629 0.016835 0.508431 0.925949 0.516819 0.0 0.0
43.03 0.170448 0.432464 0.885394 0.194629 0.016835 0.508431 0.925949 0.516819 0.0 0.0
43.04 0.170448 0.432464 0.885394 0.194629 0.016835 0.508431 0.925949 0.516819 0.0 0.0
43.05 0.170448 0.432464 0.885394 0.194629 0.016835 0.508431 0.925949 0.516819 0.0 0.0
44.01 0.713244 0.078705 0.696483 0.653164 0.965630 0.527074 0.112217 0.812118 0.0 0.0
44.02 0.713244 0.078705 0.696483 0.653164 0.965630 0.527074 0.112217 0.812118 0.0 0.0
44.03 0.713244 0.078705 0.696483 0.653164 0.965630 0.527074 0.112217 0.812118 0.0 0.0
44.04 0.713244 0.078705 0.696483 0.653164 0.965630 0.527074 0.112217 0.812118 0.0 0.0
44.05 0.713244 0.078705 0.696483 0.653164 0.965630 0.527074 0.112217 0.812118 0.0 0.0
45.01 0.599116 0.788604 0.138435 1.009150 1.454239 1.120891 0.502492 0.173429 0.0 0.0
45.02 0.599116 0.788604 0.138435 1.009150 1.454239 1.120891 0.502492 0.173429 0.0 0.0
45.03 0.599116 0.788604 0.138435 1.009150 1.454239 1.120891 0.502492 0.173429 0.0 0.0
45.04 0.599116 0.788604 0.138435 1.009150 1.454239 1.120891 0.502492 0.173429 0.0 0.0
45.05 0.599116 0.788604 0.138435 1.009150 1.454239 1.120891 0.502492 0.173429 0.0 0.0
46.01 0.198287 0.919130 0.340415 0.575996 0.035653 0.950698 1.432583 1.179582 0.0 0.0
46.02 0.198287 0.919130 0.340415 0.575996 0.035653 0.950698 1.432583 1.179582 0.0 0.0
46.03 0.198287 0.919130 0.340415 0.575996 0.035653 0.950698 1.432583 1.179582 0.0 0.0
46.04 0.198287 0.919130 0.340415 0.575996 0.035653 0.950698 1.432583 1.179582 0.0 0.0
46.05 0.198287 0.919130 0.340415 0.575996 0.035653 0.950698 1.432583 1.179582 0.0 0.0
47.01 0.894472 0.447108 0.003601 0.594975 0.920935 0.285700 1.145802 0.436878 0.0 0.0
47.02 0.894472 0.447108 0.003601 0.594975 0.920935 0.285700 1.145802 0.436878 0.0 0.0
47.03 0.894472 0.447108 0.003601 0.594975 0.920935 0.285700 1.145802 0.436878 0.0 0.0
47.04 0.894472 0.447108 0.003601 0.594975 0.920935 0.285700 1.145802 0.436878 0.0 0.0
47.05 0.894472 0.447108 0.003601 0.594975 0.920935 0.285700 1.145802 0.436878 0.0 0.0
48.01 0.322156 0.536946 0.779683 0.191592 0.070784 0.402068 0.340172 0.351895 0.0 0.0
48.02 0.322156 0.536946 0.779683 0.191592 0.070784 0.402068 0.340172 0.351895 0.0 0.0
48.03 0.322156 0.536946 0.779683 0.191592 0.070784 0.402068 0.340172 0.351895 0.0 0.0
48.04 0.322156 0.536946 0.779683 0.191592 0.070784 0.402068 0.340172 0.351895 0.0 0.0
48.05 0.322156 0.536946 0.779683 0.191592 0.070784 0.402068 0.340172 0.351895 0.0 0.0
49.01 0.609558 0.714674 0.343046 1.452898 1.281427 1.061020 0.814252 1.044402 0.0 0.0
49.02 0.609558 0.714674 0.343046 1.452898 1.281427 1.061020 0.814252 1.044402 0.0 0.0
49.03 0.609558 0.714674 0.343046 1.452898 1.281427 1.061020 0.814252 1.044402 0.0 0.0
49.04 0.609558 0.714674 0.343046 1.452898 1.281427 1.061020 0.814252 1.044402 0.0 0.0
49.05 0.609558 0.714674 0.343046 1.452898 1.281427 1.061020 0.814252 1.044402 0.0 0.0
50.01 0.348245 0.601361 0.719090 0.237390 0.298248 0.929097 0.775334 0.621664 0.0 0.0
50.02 0.348245 0.601361 0.719090 0.237390 0.298248 0.929097 0.775334 0.621664 0.0 0.0
50.03 0.348245 0.601361 0.719090 0.237390 0.298248 0.929097 0.775334 0.621664 0.0 0.0
50.04 0.348245 0.601361 0.719090 0.237390 0.298248 0.929097 0.775334 0.621664 0.0 0.0
50.05 0.348245 0.601361 0.719090 0.237390 0.298248 0.929097 0.775334 0.621664 0.0 0.0
51.01 0.404060 0.912927 0.057445 0.261326 0.394963 0.266252 0.927000 0.843738 0.0 0.0
51.02 0.404060 0.912927 0.057445 0.261326 0.394963 0.266252 0.927000 0.843738 0.0 0.0
51.03 0.404060 0.912927 0.057445 0.261326 0.394963 0.266252 0.927000 0.843738 0.0 0.0
51.04 0.404060 0.912927 0.057445 0.261326 0.394963 0.266252 0.927000 0.843738 0.0 0.0
51.05 0.404060 0.912927 0.057445 0.261326 0.394963 0.266252 0.927000 0.843738 0.0 0.0
52.01 0.305815 0.228310 0.924312 0.624099 0.584855 0.474147 0.071797 0.890871 0.0 0.0
52.02 0.305815 0.228310 0.924312 0.624099 0.584855 0.474147 0.071797 0.890871 0.0 0.0
52.03 0.305815 0.228310 0.924312 0.624099 0.584855 0.474147 0.071797 0.890871 0.0 0.0
52.04 0.305815 0.228310 0.924312 0.624099 0.584855 0.474147 0.071797 0.890871 0.0 0.0
52.05 0.305815 0.228310 0.924312 0.624099 0.584855 0.474147 0.071797 0.890871 0.0 0.0
53.01 0.477082 0.620870 0.622023 0.080513 1.435083 0.869154 0.388674 0.386702 0.0 0.0
53.02 0.477082 0.620870 0.622023 0.080513 1.435083 0.869154 0.388674 0.386702 0.0 0.0
53.03 0.477082 0.620870 0.622023 0.080513 1.435083 0.869154 0.388674 0.386702 0.0 0.0
53.04 0.477082 0.620870 0.622023 0.080513 1.435083 0.869154 0.388674 0.386702 0.0 0.0
53.05 0.477082 0.620870 0.622023 0.080513 1.435083 0.869154 0.388674 0.386702 0.0 0.0
54.01 0.612861 0.698229 0.369971 0.651782 0.571164 0.481228 1.424865 0.934867 0.0 0.0
54.02 0.612861 0.698229 0.369971 0.651782 0.571164 0.481228 1.424865 0.934867 0.0 0.0
54.03 0.612861 0.698229 0.369971 0.651782 0.571164 0.481228 1.424865 0.934867 0.0 0.0
54.04 0.612861 0.698229 0.369971 0.651782 0.571164 0.481228 1.424865 0.934867 0.0 0.0
54.05 0.612861 0.698229 0.369971 0.651782 0.571164 0.481228 1.424865 0.934867 0.0 0.0
55.01 0.750865 0.541831 0.377652 0.761411 1.548172 1.405272 0.567073 0.276272 0.0 0.0
55.02 0.750865 0.541831 0.377652 0.761411 1.548172 1.405272 0.567073 0.276272 0.0 0.0
55.03 0.750865 0.541831 0.377652 0.761411 1.548172 1.405272 0.567073 0.276272 0.0 0.0
55.04 0.750865 0.541831 0.377652 0.761411 1.548172 1.405272 0.567073 0.276272 0.0 0.0
55.05 0.750865 0.541831 0.377652 0.761411 1.548172 1.405272 0.567073 0.276272 0.0 0.0
56.01 0.741824 0.609513 0.279628 1.179408 0.664208 0.147883 0.597064 0.475970 0.0 0.0
56.02 0.741824 0.609513 0.279628 1.179408 0.664208 0.147883 0.597064 0.475970 0.0 0.0
56.03 0.741824 0.609513 0.279628 1.179408 0.664208 0.147883 0.597064 0.475970 0.0 0.0
56.04 0.741824 0.609513 0.279628 1.179408 0.664208 0.147883 0.597064 0.475970 0.0 0.0
56.05 0.741824 0.609513 0.279628 1.179408 0.664208 0.147883 0.597064 0.475970 0.0 0.0
57.01 0.689184 0.213525 0.692411 1.379254 0.071756 0.001607 0.862078 0.595110 0.0 0.0
57.02 0.689184 0.213525 0.692411 1.379254 0.071756 0.001607 0.862078 0.595110 0.0 0.0
57.03 0.689184 0.213525 0.692411 1.379254 0.071756 0.001607 0.862078 0.595110 0.0 0.0
57.04 0.689184 0.213525 0.692411 1.379254 0.071756 0.001607 0.862078 0.595110 0.0 0.0
57.05 0.689184 0.213525 0.692411 1.379254 0.071756 0.001607 0.862078 0.595110 0.0 0.0
58.01 0.643976 0.764654 0.024464 0.882791 1.463308 0.921933 0.097080 0.543961 0.0 0.0
58.02 0.643976 0.764654 0.024464 0.882791 1.463308 0.921933 0.097080 0.543961 0.0 0.0
58.03 0.643976 0.764654 0.024464 0.882791 1.463308 0.921933 0.097080 0.543961 0.0 0.0
58.04 0.643976 0.764654 0.024464 0.882791 1.463308 0.921933 0.097080 0.543961 0.0 0.0
58.05 0.643976 0.764654 0.024464 0.882791 1.463308 0.921933 0.097080 0.543961 0.0 0.0
59.01 0.309876 0.145019 0.939652 0.210058 1.316526 0.485149 0.430420 0.115348 0.0 0.0
59.02 0.309876 0.145019 0.939652 0.210058 1.316526 0.485149 0.430420 0.115348 0.0 0.0
59.03 0.309876 0.145019 0.939652 0.210058 1.316526 0.485149 0.430420 0.115348 0.0 0.0
59.04 0.309876 0.145019 0.939652 0.210058 1.316526 0.485149 0.430420 0.115348 0.0 0.0
59.05 0.309876 0.145019 0.939652 0.210058 1.316526 0.485149 0.430420 0.115348 0.0 0.0
60.01 0.445985 0.457950 0.769012 1.000530 0.568690 0.682684 1.142562 1.262338 0.0 0.0
60.02 0.445985 0.457950 0.769012 1.000530 0.568690 0.682684 1.142562 1.262338 0.0 0.0
60.03 0.445985 0.457950 0.769012 1.000530 0.568690 0.682684 1.142562 1.262338 0.0 0.0
60.04 0.445985 0.457950 0.769012 1.000530 0.568690 0.682684 1.142562 1.262338 0.0 0.0
60.05 0.445985 0.457950 0.769012 1.000530 0.568690 0.682684 1.142562 1.262338 0.0 0.0
61.01 0.573811 0.790697 0.213400 0.355779 0.599353 1.089611 0.866078 0.556368 0.0 0.0
61.02 0.573811 0.790697 0.213400 0.355779 0.599353 1.089611 0.866078 0.556368 0.0 0.0
61.03 0.573811 0.790697 0.213400 0.355779 0.599353 1.089611 0.866078 0.556368 0.0 0.0
61.04 0.573811 0.790697 0.213400 0.355779 0.599353 1.089611 0.866078 0.556368 0.0 0.0
61.05 0.573811 0.790697 0.213400 0.355779 0.599353 1.089611 0.866078 0.556368 0.0 0.0
62.01 0.074414 0.799047 0.596646 0.640589 0.005316 0.168325 1.105154 0.019279 0.0 0.0
62.02 0.074414 0.799047 0.596646 0.640589 0.005316 0.168325 1.105154 0.019279 0.0 0.0
62.03 0.074414 0.799047 0.596646 0.640589 0.005316 0.168325 1.105154 0.019279 0.0 0.0
62.04 0.074414 0.799047 0.596646 0.640589 0.005316 0.168325 1.105154 0.019279 0.0 0.0
62.05 0.074414 0.799047 0.596646 0.640589 0.005316 0.168325 1.105154 0.019279 0.0 0.0
63.01 0.829890 0.010766 0.557824 0.838768 0.565417 0.155552 1.450331 0.320091 0.0 0.0
63.02 0.829890 0.010766 0.557824 0.838768 0.565417 0.155552 1.450331 0.320091 0.0 0.0
63.03 0.829890 0.010766 0.557824 0.838768 0.565417 0.155552 1.450331 0.320091 0.0 0.0
63.04 0.829890 0.010766 0.557824 0.838768 0.565417 0.155552 1.450331 0.320091 0.0 0.0
63.05 0.829890 0.010766 0.557824 0.838768 0.565417 0.155552 1.450331 0.320091 0.0 0.0
64.01 0.988276 0.148209 0.036677 1.446521 1.483974 0.143645 0.321906 1.407993 0.0 0.0
64.02 0.988276 0.148209 0.036677 1.446521 1.483974 0.143645 0.321906 1.407993 0.0 0.0
64.03 0.988276 0.148209 0.036677 1.446521 1.483974 0.143645 0.321906 1.407993 0.0 0.0
64.04 0.988276 0.148209 0.036677 1.446521 1.483974 0.143645 0.321906 1.407993 0.0 0.0
64.05 0.988276 0.148209 0.036677 1.446521 1.483974 0.143645 0.321906 1.407993 0.0 0.0
65.01 0.579973 0.781497 0.229986 1.378717 0.734928 0.907870 0.161688 1.467895 0.0 0.0
65.02 0.579973 0.781497 0.229986 1.378717 0.734928 0.907870 0.161688 1.467895 0.0 0.0
65.03 0.579973 0.781497 0.229986 1.378717 0.734928 0.907870 0.161688 1.467895 0.0 0.0
65.04 0.579973 0.781497 0.229986 1.378717 0.734928 0.907870 0.161688 1.467895 0.0 0.0
65.05 0.579973 0.781497 0.229986 1.378717 0.734928 0.907870 0.161688 1.467895 0.0 0.0
66.01 0.273085 0.673258 0.687130 0.968044 0.855554 1.475401 0.561644 0.478495 0.0 0.0
66.02 0.273085 0.673258 0.687130 0.968044 0.855554 1.475401 0.561644 0.478495 0.0 0.0
66.03 0.273085 0.673258 0.687130 0.968044 0.855554 1.475401 0.561644 0.478495 0.0 0.0
66.04 0.273085 0.673258 0.687130 0.968044 0.855554 1.475401 0.561644 0.478495 0.0 0.0
66.05 0.273085 0.673258 0.687130 0.968044 0.855554 1.475401 0.561644 0.478495 0.0 0.0
67.01 0.688159 0.669818 0.278892 0.672920 0.771915 0.967926 0.599598 0.046948 0.0 0.0
67.02 0.688159 0.669818 0.278892 0.672920 0.771915 0.967926 0.599598 0.046948 0.0 0.0
67.03 0.688159 0.669818 0.278892 0.672920 0.771915 0.967926 0.599598 0.046948 0.0 0.0
67.04 0.688159 0.669818 0.278892 0.672920 0.771915 0.967926 0.599598 0.046948 0.0 0.0
67.05 0.688159 0.669818 0.278892 0.672920 0.771915 0.967926 0.599598 0.046948 0.0 0.0
68.01 0.067492 0.159247 0.984929 0.488250 0.013924 1.148829 1.192985 0.114456 0.0 0.0
68.02 0.067492 0.159247 0.984929 0.488250 0.013924 1.148829 1.192985 0.114456 0.0 0.0
68.03 0.067492 0.159247 0.984929 0.488250 0.013924 1.148829 1.192985 0.114456 0.0 0.0
68.04 0.067492 0.159247 0.984929 0.488250 0.013924 1.148829 1.192985 0.114456 0.0 0.0
68.05 0.067492 0.159247 0.984929 0.488250 0.013924 1.148829 1.192985 0.114456 0.0 0.0
69.01 0.926612 0.207085 0.313857 0.464270 0.572567 1.030747 0.691914 0.810520 0.0 0.0
69.02 0.926612 0.207085 0.313857 0.464270 0.572567 1.030747 0.691914 0.810520 0.0 0.0
69.03 0.926612 0.207085 0.313857 0.464270 0.572567 1.030747 0.691914 0.810520 0.0 0.0
69.04 0.926612 0.207085 0.313857 0.464270 0.572567 1.030747 0.691914 0.810520 0.0 0.0
69.05 0.926612 0.207085 0.313857 0.464270 0.572567 1.030747 0.691914 0.810520 0.0 0.0
70.01 0.694203 0.382290 0.609866 1.256064 0.337485 1.328348 0.947962 1.567688 0.0 0.0
70.02 0.694203 0.382290 0.609866 1.256064 0.337485 1.328348 0.947962 1.567688 0.0 0.0
70.03 0.694203 0.382290 0.609866 1.256064 0.337485 1.328348 0.947962 1.567688 0.0 0.0
70.04 0.694203 0.382290 0.609866 1.256064 0.337485 1.328348 0.947962 1.567688 0.0 0.0
70.05 0.694203 0.382290 0.609866 1.256064 0.337485 1.328348 0.947962 1.567688 0.0 0.0
71.01 0.382730 0.923377 0.029883 0.344005 1.366296 0.185477 0.128572 0.615362 0.0 0.0
71.02 0.382730 0.923377 0.029883 0.344005 1.366296 0.185477 0.128572 0.615362 0.0 0.0
71.03 0.382730 0.923377 0.029883 0.344005 1.366296 0.185477 0.128572 0.615362 0.0 0.0
71.04 0.382730 0.923377 0.029883 0.344005 1.366296 0.185477 0.128572 0.615362 0.0 0.0
71.05 0.382730 0.923377 0.029883 0.344005 1.366296 0.185477 0.128572 0.615362 0.0 0.0
72.01 0.882376 0.314797 0.349736 1.413474 0.890044 0.374459 1.458127 0.380854 0.0 0.0
72.02 0.882376 0.314797 0.349736 1.413474 0.890044 0.374459 1.458127 0.380854 0.0 0.0
72.03 0.882376 0.314797 0.349736 1.413474 0.890044 0.374459 1.458127 0.380854 0.0 0.0
72.04 0.882376 0.314797 0.349736 1.413474 0.890044 0.374459 1.458127 0.380854 0.0 0.0
72.05 0.882376 0.314797 0.349736 1.413474 0.890044 0.374459 1.458127 0.380854 0.0 0.0
73.01 0.989500 0.143817 0.014396 0.511046 0.930186 0.396065 0.262133 0.601159 0.0 0.0
73.02 0.989500 0.143817 0.014396 0.511046 0.930186 0.396065 0.262133 0.601159 0.0 0.0
73.03 0.989500 0.143817 0.014396 0.511046 0.930186 0.396065 0.262133 0.601159 0.0 0.0
73.04 0.989500 0.143817 0.014396 0.511046 0.930186 0.396065 0.262133 0.601159 0.0 0.0
73.05 0.989500 0.143817 0.014396 0.511046 0.930186 0.396065 0.262133 0.601159 0.0 0.0
74.01 0.957802 0.278340 0.071706 1.410187 1.444602 0.065926 1.333843 0.706246 0.0 0.0
74.02 0.957802 0.278340 0.071706 1.410187 1.444602 0.065926 1.333843 0.706246 0.0 0.0
74.03 0.957802 0.278340 0.071706 1.410187 1.444602 0.065926 1.333843 0.706246 0.0 0.0
74.04 0.957802 0.278340 0.071706 1.410187 1.444602 0.065926 1.333843 0.706246 0.0 0.0
74.05 0.957802 0.278340 0.071706 1.410187 1.444602 0.065926 1.333843 0.706246 0.0 0.0
75.01 0.459052 0.842605 0.281582 0.356405 0.407492 1.321017 0.991282 1.227389 0.0 0.0
75.02 0.459052 0.842605 0.281582 0.356405 0.407492 1.321017 0.991282 1.227389 0.0 0.0
75.03 0.459052 0.842605 0.281582 0.356405 0.407492 1.321017 0.991282 1.227389 0.0 0.0
75.04 0.459052 0.842605 0.281582 0.356405 0.407492 1.321017 0.991282 1.227389 0.0 0.0
75.05 0.459052 0.842605 0.281582 0.356405 0.407492 1.321017 0.991282 1.227389 0.0 0.0
76.01 0.796394 0.467251 0.383969 0.697460 0.191928 0.714232 1.490593 0.052286 0.0 0.0
76.02 0.796394 0.467251 0.383969 0.697460 0.191928 0.714232 1.490593 0.052286 0.0 0.0
76.03 0.796394 0.467251 0.383969 0.697460 0.191928 0.714232 1.490593 0.052286 0.0 0.0
76.04 0.796394 0.467251 0.383969 0.697460 0.191928 0.714232 1.490593 0.052286 0.0 0.0
76.05 0.796394 0.467251 0.383969 0.697460 0.191928 0.714232 1.490593 0.052286 0.0 0.0
77.01 0.254541 0.450543 0.855699 0.418306 0.860641 0.240971 1.329182 1.149114 0.0 0.0
77.02 0.254541 0.450543 0.855699 0.418306 0.860641 0.240971 1.329182 1.149114 0.0 0.0
77.03 0.254541 0.450543 0.855699 0.418306 0.860641 0.240971 1.329182 1.149114 0.0 0.0
77.04 0.254541 0.450543 0.855699 0.418306 0.860641 0.240971 1.329182 1.149114 0.0 0.0
77.05 0.254541 0.450543 0.855699 0.418306 0.860641 0.240971 1.329182 1.149114 0.0 0.0
78.01 0.369438 0.756137 0.540159 0.872837 0.112047 0.584437 0.900742 1.131891 0.0 0.0
78.02 0.369438 0.756137 0.540159 0.872837 0.112047 0.584437 0.900742 1.131891 0.0 0.0
78.03 0.369438 0.756137 0.540159 0.872837 0.112047 0.584437 0.900742 1.131891 0.0 0.0
78.04 0.369438 0.756137 0.540159 0.872837 0.112047 0.584437 0.900742 1.131891 0.0 0.0
78.05 0.369438 0.756137 0.540159 0.872837 0.112047 0.584437 0.900742 1.131891 0.0 0.0
79.01 0.906492 0.345566 0.242602 0.785287 1.294778 0.340598 0.104938 0.302570 0.0 0.0
79.02 0.906492 0.345566 0.242602 0.785287 1.294778 0.340598 0.104938 0.302570 0.0 0.0
79.03 0.906492 0.345566 0.242602 0.785287 1.294778 0.340598 0.104938 0.302570 0.0 0.0
79.04 0.906492 0.345566 0.242602 0.785287 1.294778 0.340598 0.104938 0.302570 0.0 0.0
79.05 0.906492 0.345566 0.242602 0.785287 1.294778 0.340598 0.104938 0.302570 0.0 0.0
80.01 0.793012 0.448324 0.412478 0.569147 1.369929 0.101884 0.749908 1.152125 0.0 0.0
80.02 0.793012 0.448324 0.412478 0.569147 1.369929 0.101884 0.749908 1.152125 0.0 0.0
80.03 0.793012 0.448324 0.412478 0.569147 1.369929 0.101884 0.749908 1.152125 0.0 0.0
80.04 0.793012 0.448324 0.412478 0.569147 1.369929 0.101884 0.749908 1.152125 0.0 0.0
80.05 0.793012 0.448324 0.412478 0.569147 1.369929 0.101884 0.749908 1.152125 0.0 0.0
81.01 0.684491 0.698406 0.209046 1.546385 0.747781 0.439176 1.501795 0.691440 0.0 0.0
81.02 0.684491 0.698406 0.209046 1.546385 0.747781 0.439176 1.501795 0.691440 0.0 0.0
81.03 0.684491 0.698406 0.209046 1.546385 0.747781 0.439176 1.501795 0.691440 0.0 0.0
81.04 0.684491 0.698406 0.209046 1.546385 0.747781 0.439176 1.501795 0.691440 0.0 0.0
81.05 0.684491 0.698406 0.209046 1.546385 0.747781 0.439176 1.501795 0.691440 0.0 0.0
82.01 0.752294 0.289021 0.592048 0.519083 1.528058 1.126704 0.068406 1.316216 0.0 0.0
82.02 0.752294 0.289021 0.592048 0.519083 1.528058 1.126704 0.068406 1.316216 0.0 0.0
82.03 0.752294 0.289021 0.592048 0.519083 1.528058 1.126704 0.068406 1.316216 0.0 0.0
82.04 0.752294 0.289021 0.592048 0.519083 1.528058 1.126704 0.068406 1.316216 0.0 0.0
82.05 0.752294 0.289021 0.592048 0.519083 1.528058 1.126704 0.068406 1.316216 0.0 0.0
83.01 0.594678 0.747846 0.295101 0.960487 0.318020 1.434030 0.072361 0.104482 0.0 0.0
83.02 0.594678 0.747846 0.295101 0.960487 0.318020 1.434030 0.072361 0.104482 0.0 0.0
83.03 0.594678 0.747846 0.295101 0.960487 0.318020 1.434030 0.072361 0.104482 0.0 0.0
83.04 0.594678 0.747846 0.295101 0.960487 0.318020 1.434030 0.072361 0.104482 0.0 0.0
83.05 0.594678 0.747846 0.295101 0.960487 0.318020 1.434030 0.072361 0.104482 0.0 0.0
84.01 0.402038 0.325757 0.855715 1.281717 1.365547 0.756171 0.079133 0.052817 0.0 0.0
84.02 0.402038 0.325757 0.855715 1.281717 1.365547 0.756171 0.079133 0.052817 0.0 0.0
84.03 0.402038 0.325757 0.855715 1.281717 1.365547 0.756171 0.079133 0.052817 0.0 0.0
84.04 0.402038 0.325757 0.855715 1.281717 1.365547 0.756171 0.079133 0.052817 0.0 0.0
84.05 0.402038 0.325757 0.855715 1.281717 1.365547 0.756171 0.079133 0.052817 0.0 0.0
85.01 0.672191 0.410008 0.616484 0.181830 0.932669 0.230875 0.924929 0.963182 0.0 0.0
85.02 0.672191 0.410008 0.616484 0.181830 0.932669 0.230875 0.924929 0.963182 0.0 0.0
85.03 0.672191 0.410008 0.616484 0.181830 0.932669 0.230875 0.924929 0.963182 0.0 0.0
85.04 0.672191 0.410008 0.616484 0.181830 0.932669 0.230875 0.924929 0.963182 0.0 0.0
85.05 0.672191 0.410008 0.616484 0.181830 0.932669 0.230875 0.924929 0.963182 0.0 0.0
86.01 0.867127 0.327784 0.375031 1.138083 0.191413 1.305341 1.122122 0.754657 0.0 0.0
86.02 0.867127 0.327784 0.375031 1.138083 0.191413 1.305341 1.122122 0.754657 0.0 0.0
86.03 0.867127 0.327784 0.375031 1.138083 0.191413 1.305341 1.122122 0.754657 0.0 0.0
86.04 0.867127 0.327784 0.375031 1.138083 0.191413 1.305341 1.122122 0.754657 0.0 0.0
86.05 0.867127 0.327784 0.375031 1.138083 0.191413 1.305341 1.122122 0.754657 0.0 0.0
87.01 0.066513 0.937977 0.340259 1.285547 1.099152 1.155230 0.759655 1.088902 0.0 0.0
87.02 0.066513 0.937977 0.340259 1.285547 1.099152 1.155230 0.759655 1.088902 0.0 0.0
87.03 0.066513 0.937977 0.340259 1.285547 1.099152 1.155230 0.759655 1.088902 0.0 0.0
87.04 0.066513 0.937977 0.340259 1.285547 1.099152 1.155230 0.759655 1.088902 0.0 0.0
87.05 0.066513 0.937977 0.340259 1.285547 1.099152 1.155230 0.759655 1.088902 0.0 0.0
88.01 0.363442 0.083310 0.927884 0.152117 0.592349 1.108948 0.158165 0.654880 0.0 0.0
88.02 0.363442 0.083310 0.927884 0.152117 0.592349 1.108948 0.158165 0.654880 0.0 0.0
88.03 0.363442 0.083310 0.927884 0.152117 0.592349 1.108948 0.158165 0.654880 0.0 0.0
88.04 0.363442 0.083310 0.927884 0.152117 0.592349 1.108948 0.158165 0.654880 0.0 0.0
88.05 0.363442 0.083310 0.927884 0.152117 0.592349 1.108948 0.158165 0.654880 0.0 0.0
89.01 0.652085 0.220101 0.725493 0.857565 1.117787 1.395148 1.225722 0.523830 0.0 0.0
89.02 0.652085 0.220101 0.725493 0.857565 1.117787 1.395148 1.225722 0.523830 0.0 0.0
89.03 0.652085 0.220101 0.725493 0.857565 1.117787 1.395148 1.225722 0.523830 0.0 0.0
89.04 0.652085 0.220101 0.725493 0.857565 1.117787 1.395148 1.225722 0.523830 0.0 0.0
89.05 0.652085 0.220101 0.725493 0.857565 1.117787 1.395148 1.225722 0.523830 0.0 0.0
90.01 0.019417 0.896169 0.443288 0.856061 1.173717 1.234507 1.141404 0.567064 0.0 0.0
90.02 0.019417 0.896169 0.443288 0.856061 1.173717 1.234507 1.141404 0.567064 0.0 0.0
90.03 0.019417 0.896169 0.443288 0.856061 1.173717 1.234507 1.141404 0.567064 0.0 0.0
90.04 0.019417 0.896169 0.443288 0.856061 1.173717 1.234507 1.141404 0.567064 0.0 0.0
90.05 0.019417 0.896169 0.443288 0.856061 1.173717 1.234507 1.141404 0.567064 0.0 0.0
91.01 0.612201 0.587366 0.529350 0.437832 0.024885 1.158822 0.458648 0.240059 0.0 0.0
91.02 0.612201 0.587366 0.529350 0.437832 0.024885 1.158822 0.458648 0.240059 0.0 0.0
91.03 0.612201 0.587366 0.529350 0.437832 0.024885 1.158822 0.458648 0.240059 0.0 0.0
91.04 0.612201 0.587366 0.529350 0.437832 0.024885 1.158822 0.458648 0.240059 0.0 0.0
91.05 0.612201 0.587366 0.529350 0.437832 0.024885 1.158822 0.458648 0.240059 0.0 0.0
92.01 0.682389 0.671511 0.288823 1.175149 0.109699 0.938649 0.054780 1.039931 0.0 0.0
92.02 0.682389 0.671511 0.288823 1.175149 0.109699 0.938649 0.054780 1.039931 0.0 0.0
92.03 0.682389 0.671511 0.288823 1.175149 0.109699 0.938649 0.054780 1.039931 0.0 0.0
92.04 0.682389 0.671511 0.288823 1.175149 0.109699 0.938649 0.054780 1.039931 0.0 0.0
92.05 0.682389 0.671511 0.288823 1.175149 0.109699 0.938649 0.054780 1.039931 0.0 0.0
93.01 0.390993 0.511291 0.765314 1.011844 0.192271 0.527063 0.349917 1.206679 0.0 0.0
93.02 0.390993 0.511291 0.765314 1.011844 0.192271 0.527063 0.349917 1.206679 0.0 0.0
93.03 0.390993 0.511291 0.765314 1.011844 0.192271 0.527063 0.349917 1.206679 0.0 0.0
93.04 0.390993 0.511291 0.765314 1.011844 0.192271 0.527063 0.349917 1.206679 0.0 0.0
93.05 0.390993 0.511291 0.765314 1.011844 0.192271 0.527063 0.349917 1.206679 0.0 0.0
94.01 0.513504 0.173523 0.840359 0.311004 0.224936 1.260207 0.999252 1.213282 0.0 0.0
94.02 0.513504 0.173523 0.840359 0.311004 0.224936 1.260207 0.999252 1.213282 0.0 0.0
94.03 0.513504 0.173523 0.840359 0.311004 0.224936 1.260207 0.999252 1.213282 0.0 0.0
94.04 0.513504 0.173523 0.840359 0.311004 0.224936 1.260207 0.999252 1.213282 0.0 0.0
94.05 0.513504 0.173523 0.840359 0.311004 0.224936 1.260207 0.999252 1.213282 0.0 0.0
95.01 0.014226 0.704582 0.709480 0.098429 0.988446 1.116712 1.392763 0.325751 0.0 0.0
95.02 0.014226 0.704582 0.709480 0.098429 0.988446 1.116712 1.392763 0.325751 0.0 0.0
95.03 0.014226 0.704582 0.709480 0.098429 0.988446 1.116712 1.392763 0.325751 0.0 0.0
95.04 0.014226 0.704582 0.709480 0.098429 0.988446 1.116712 1.392763 0.325751 0.0 0.0
95.05 0.014226 0.704582 0.709480 0.098429 0.988446 1.116712 1.392763 0.325751 0.0 0.0
96.01 0.575713 0.809135 0.117712 0.183501 1.495891 0.281779 1.319039 0.521184 0.0 0.0
96.02 0.575713 0.809135 0.117712 0.183501 1.495891 0.281779 1.319039 0.521184 0.0 0.0
96.03 0.575713 0.809135 0.117712 0.183501 1.495891 0.281779 1.319039 0.521184 0.0 0.0
96.04 0.575713 0.809135 0.117712 0.183501 1.495891 0.281779 1.319039 0.521184 0.0 0.0
96.05 0.575713 0.809135 0.117712 0.183501 1.495891 0.281779 1.319039 0.521184 0.0 0.0
97.01 0.252701 0.887671 0.384946 0.422554 1.135908 0.366396 1.399374 1.161238 0.0 0.0
97.02 0.252701 0.887671 0.384946 0.422554 1.135908 0.366396 1.399374 1.161238 0.0 0.0
97.03 0.252701 0.887671 0.384946 0.422554 1.135908 0.366396 1.399374 1.161238 0.0 0.0
97.04 0.252701 0.887671 0.384946 0.422554 1.135908 0.366396 1.399374 1.161238 0.0 0.0
97.05 0.252701 0.887671 0.384946 0.422554 1.135908 0.366396 1.399374 1.161238 0.0 0.0
98.01 0.690057 0.542221 0.479393 0.230019 0.575155 0.494167 1.349634 0.300798 0.0 0.0
98.02 0.690057 0.542221 0.479393 0.230019 0.575155 0.494167 1.349634 0.300798 0.0 0.0
98.03 0.690057 0.542221 0.479393 0.230019 0.575155 0.494167 1.349634 0.300798 0.0 0.0
98.04 0.690057 0.542221 0.479393 0.230019 0.575155 0.494167 1.349634 0.300798 0.0 0.0
98.05 0.690057 0.542221 0.479393 0.230019 0.575155 0.494167 1.349634 0.300798 0.0 0.0
99.01 0.399483 0.841087 0.364674 0.368587 0.948736 0.406357 0.078849 1.270857 0.0 0.0
99.02 0.399483 0.841087 0.364674 0.368587 0.948736 0.406357 0.078849 1.270857 0.0 0.0
99.03 0.399483 0.841087 0.364674 0.368587 0.948736 0.406357 0.078849 1.270857 0.0 0.0
99.04 0.399483 0.841087 0.364674 0.368587 0.948736 0.406357 0.078849 1.270857 0.0 0.0
99.05 0.399483 0.841087 0.364674 0.368587 0.948736 0.406357 0.078849 1.270857 0.0 0.0
100.01 0.846115 0.080498 0.526887 0.829817 0.520257 0.594908 0.118654 0.446567 0.0 0.0
100.02 0.846115 0.080498 0.526887 0.829817 0.520257 0.594908 0.118654 0.446567 0.0 0.0
100.03 0.846115 0.080498 0.526887 0.829817 0.520257 0.594908 0.118654 0.446567 0.0 0.0
100.04 0.846115 0.080498 0.526887 0.829817 0.520257 0.594908 0.118654 0.446567 0.0 0.0
100.05 0.846115 0.080498 0.526887 0.829817 0.520257 0.594908 0.118654 0.446567 0.0 0.0
101.01 0.998360 0.021566 0.053036 0.422712 0.889984 1.364319 0.235172 0.660612 0.0 0.0
101.02 0.998360 0.021566 0.053036 0.422712 0.889984 1.364319 0.235172 0.660612 0.0 0.0
101.03 0.998360 0.021566 0.053036 0.422712 0.889984 1.364319 0.235172 0.660612 0.0 0.0
101.04 0.998360 0.021566 0.053036 0.422712 0.889984 1.364319 0.235172 0.660612 0.0 0.0
101.05 0.998360 0.021566 0.053036 0.422712 0.889984 1.364319 0.235172 0.660612 0.0 0.0
102.01 0.207647 0.820045 0.533299 0.578869 0.998154 0.098332 0.157115 1.528300 0.0 0.0
102.02 0.207647 0.820045 0.533299 0.578869 0.998154 0.098332 0.157115 1.528300 0.0 0.0
102.03 0.207647 0.820045 0.533299 0.578869 0.998154 0.098332 0.157115 1.528300 0.0 0.0
102.04 0.207647 0.820045 0.533299 0.578869 0.998154 0.098332 0.157115 1.528300 0.0 0.0
102.05 0.207647 0.820045 0.533299 0.578869 0.998154 0.098332 0.157115 1.528300 0.0 0.0
103.01 0.470677 0.293852 0.831934 0.747956 1.289870 0.672027 0.195661 0.212561 0.0 0.0
103.02 0.470677 0.293852 0.831934 0.747956 1.289870 0.672027 0.195661 0.212561 0.0 0.0
103.03 0.470677 0.293852 0.831934 0.747956 1.289870 0.672027 0.195661 0.212561 0.0 0.0
103.04 0.470677 0.293852 0.831934 0.747956 1.289870 0.672027 0.195661 0.212561 0.0 0.0
103.05 0.470677 0.293852 0.831934 0.747956 1.289870 0.672027 0.195661 0.212561 0.0 0.0
104.01 0.905521 0.295181 0.304794 0.848664 1.546931 0.950049 0.444923 0.273545 0.0 0.0
104.02 0.905521 0.295181 0.304794 0.848664 1.546931 0.950049 0.444923 0.273545 0.0 0.0
104.03 0.905521 0.295181 0.304794 0.848664 1.546931 0.950049 0.444923 0.273545 0.0 0.0
104.04 0.905521 0.295181 0.304794 0.848664 1.546931 0.950049 0.444923 0.273545 0.0 0.0
104.05 0.905521 0.295181 0.304794 0.848664 1.546931 0.950049 0.444923 0.273545 0.0 0.0
105.01 0.184134 0.642133 0.744151 0.468712 0.033156 0.945622 0.285301 1.133150 0.0 0.0
105.02 0.184134 0.642133 0.744151 0.468712 0.033156 0.945622 0.285301 1.133150 0.0 0.0
105.03 0.184134 0.642133 0.744151 0.468712 0.033156 0.945622 0.285301 1.133150 0.0 0.0
105.04 0.184134 0.642133 0.744151 0.468712 0.033156 0.945622 0.285301 1.133150 0.0 0.0
105.05 0.184134 0.642133 0.744151 0.468712 0.033156 0.945622 0.285301 1.133150 0.0 0.0
106.01 0.546601 0.658643 0.517124 0.416565 1.533956 0.101535 0.955568 0.980369 0.0 0.0
106.02 0.546601 0.658643 0.517124 0.416565 1.533956 0.101535 0.955568 0.980369 0.0 0.0
106.03 0.546601 0.658643 0.517124 0.416565 1.533956 0.101535 0.955568 0.980369 0.0 0.0
106.04 0.546601 0.658643 0.517124 0.416565 1.533956 0.101535 0.955568 0.980369 0.0 0.0
106.05 0.546601 0.658643 0.517124 0.416565 1.533956 0.101535 0.955568 0.980369 0.0 0.0
107.01 0.636251 0.268706 0.723174 0.794051 0.635518 0.038445 0.303882 0.098524 0.0 0.0
107.02 0.636251 0.268706 0.723174 0.794051 0.635518 0.038445 0.303882 0.098524 0.0 0.0
107.03 0.636251 0.268706 0.723174 0.794051 0.635518 0.038445 0.303882 0.098524 0.0 0.0
107.04 0.636251 0.268706 0.723174 0.794051 0.635518 0.038445 0.303882 0.098524 0.0 0.0
107.05 0.636251 0.268706 0.723174 0.794051 0.635518 0.038445 0.303882 0.098524 0.0 0.0
108.01 0.145440 0.780210 0.608375 0.878966 0.661312 0.518373 1.094863 0.797759 0.0 0.0
108.02 0.145440 0.780210 0.608375 0.878966 0.661312 0.518373 1.094863 0.797759 0.0 0.0
108.03 0.145440 0.780210 0.608375 0.878966 0.661312 0.518373 1.094863 0.797759 0.0 0.0
108.04 0.145440 0.780210 0.608375 0.878966 0.661312 0.518373 1.094863 0.797759 0.0 0.0
108.05 0.145440 0.780210 0.608375 0.878966 0.661312 0.518373 1.094863 0.797759 0.0 0.0
109.01 0.346019 0.053839 0.936682 0.036895 1.257926 0.774845 1.031961 0.288396 0.0 0.0
109.02 0.346019 0.053839 0.936682 0.036895 1.257926 0.774845 1.031961 0.288396 0.0 0.0
109.03 0.346019 0.053839 0.936682 0.036895 1.257926 0.774845 1.031961 0.288396 0.0 0.0
109.04 0.346019 0.053839 0.936682 0.036895 1.257926 0.774845 1.031961 0.288396 0.0 0.0
109.05 0.346019 0.053839 0.936682 0.036895 1.257926 0.774845 1.031961 0.288396 0.0 0.0
110.01 0.803720 0.115600 0.583671 0.100573 0.960174 1.000785 1.327007 1.011794 0.0 0.0
110.02 0.803720 0.115600 0.583671 0.100573 0.960174 1.000785 1.327007 1.011794 0.0 0.0
110.03 0.803720 0.115600 0.583671 0.100573 0.960174 1.000785 1.327007 1.011794 0.0 0.0
110.04 0.803720 0.115600 0.583671 0.100573 0.960174 1.000785 1.327007 1.011794 0.0 0.0
110.05 0.803720 0.115600 0.583671 0.100573 0.960174 1.000785 1.327007 1.011794 0.0 0.0
111.01 0.343035 0.301161 0.889735 0.490593 0.251985 0.529839 0.966618 0.195928 0.0 0.0
111.02 0.343035 0.301161 0.889735 0.490593 0.251985 0.529839 0.966618 0.195928 0.0 0.0
111.03 0.343035 0.301161 0.889735 0.490593 0.251985 0.529839 0.966618 0.195928 0.0 0.0
111.04 0.343035 0.301161 0.889735 0.490593 0.251985 0.529839 0.966618 0.195928 0.0 0.0
111.05 0.343035 0.301161 0.889735 0.490593 0.251985 0.529839 0.966618 0.195928 0.0 0.0
112.01 0.446016 0.712846 0.541221 1.154669 0.987400 1.461260 0.286092 1.429337 0.0 0.0
112.02 0.446016 0.712846 0.541221 1.154669 0.987400 1.461260 0.286092 1.429337 0.0 0.0
112.03 0.446016 0.712846 0.541221 1.154669 0.987400 1.461260 0.286092 1.429337 0.0 0.0
112.04 0.446016 0.712846 0.541221 1.154669 0.987400 1.461260 0.286092 1.429337 0.0 0.0
112.05 0.446016 0.712846 0.541221 1.154669 0.987400 1.461260 0.286092 1.429337 0.0 0.0
113.01 0.570843 0.575675 0.585437 0.170018 0.013647 1.139244 1.182566 1.154053 0.0 0.0
113.02 0.570843 0.575675 0.585437 0.170018 0.013647 1.139244 1.182566 1.154053 0.0 0.0
113.03 0.570843 0.575675 0.585437 0.170018 0.013647 1.139244 1.182566 1.154053 0.0 0.0
113.04 0.570843 0.575675 0.585437 0.170018 0.013647 1.139244 1.182566 1.154053 0.0 0.0
113.05 0.570843 0.575675 0.585437 0.170018 0.013647 1.139244 1.182566 1.154053 0.0 0.0
114.01 0.534098 0.626743 0.567391 0.922006 1.560986 0.387093 1.242335 0.374800 0.0 0.0
114.02 0.534098 0.626743 0.567391 0.922006 1.560986 0.387093 1.242335 0.374800 0.0 0.0
114.03 0.534098 0.626743 0.567391 0.922006 1.560986 0.387093 1.242335 0.374800 0.0 0.0
114.04 0.534098 0.626743 0.567391 0.922006 1.560986 0.387093 1.242335 0.374800 0.0 0.0
114.05 0.534098 0.626743 0.567391 0.922006 1.560986 0.387093 1.242335 0.374800 0.0 0.0
115.01 0.917794 0.044183 0.394591 1.101579 0.453953 0.225804 0.037274 0.670427 0.0 0.0
115.02 0.917794 0.044183 0.394591 1.101579 0.453953 0.225804 0.037274 0.670427 0.0 0.0
115.03 0.917794 0.044183 0.394591 1.101579 0.453953 0.225804 0.037274 0.670427 0.0 0.0
115.04 0.917794 0.044183 0.394591 1.101579 0.453953 0.225804 0.037274 0.670427 0.0 0.0
115.05 0.917794 0.044183 0.394591 1.101579 0.453953 0.225804 0.037274 0.670427 0.0 0.0
116.01 0.458872 0.762271 0.456486 0.263475 0.599178 0.059722 0.791722 0.962686 0.0 0.0
116.02 0.458872 0.762271 0.456486 0.263475 0.599178 0.059722 0.791722 0.962686 0.0 0.0
116.03 0.458872 0.762271 0.456486 0.263475 0.599178 0.059722 0.791722 0.962686 0.0 0.0
116.04 0.458872 0.762271 0.456486 0.263475 0.599178 0.059722 0.791722 0.962686 0.0 0.0
116.05 0.458872 0.762271 0.456486 0.263475 0.599178 0.059722 0.791722 0.962686 0.0 0.0
117.01 0.387370 0.695723 0.604908 1.513050 0.242732 1.237789 0.501754 1.172069 0.0 0.0
117.02 0.387370 0.695723 0.604908 1.513050 0.242732 1.237789 0.501754 1.172069 0.0 0.0
117.03 0.387370 0.695723 0.604908 1.513050 0.242732 1.237789 0.501754 1.172069 0.0 0.0
117.04 0.387370 0.695723 0.604908 1.513050 0.242732 1.237789 0.501754 1.172069 0.0 0.0
117.05 0.387370 0.695723 0.604908 1.513050 0.242732 1.237789 0.501754 1.172069 0.0 0.0
118.01 0.901416 0.252157 0.351947 1.066952 1.310419 0.167189 0.564206 0.453460 0.0 0.0
118.02 0.901416 0.252157 0.351947 1.066952 1.310419 0.167189 0.564206 0.453460 0.0 0.0
118.03 0.901416 0.252157 0.351947 1.066952 1.310419 0.167189 0.564206 0.453460 0.0 0.0
118.04 0.901416 0.252157 0.351947 1.066952 1.310419 0.167189 0.564206 0.453460 0.0 0.0
118.05 0.901416 0.252157 0.351947 1.066952 1.310419 0.167189 0.564206 0.453460 0.0 0.0
119.01 0.431140 0.643923 0.632045 0.900051 1.456755 0.491895 0.875456 1.258811 0.0 0.0
119.02 0.431140 0.643923 0.632045 0.900051 1.456755 0.491895 0.875456 1.258811 0.0 0.0
119.03 0.431140 0.643923 0.632045 0.900051 1.456755 0.491895 0.875456 1.258811 0.0 0.0
119.04 0.431140 0.643923 0.632045 0.900051 1.456755 0.491895 0.875456 1.258811 0.0 0.0
119.05 0.431140 0.643923 0.632045 0.900051 1.456755 0.491895 0.875456 1.258811 0.0 0.0
120.01 0.582566 0.438121 0.684592 1.388983 1.364113 0.642156 0.556920 1.463102 0.0 0.0
120.02 0.582566 0.438121 0.684592 1.388983 1.364113 0.642156 0.556920 1.463102 0.0 0.0
120.03 0.582566 0.438121 0.684592 1.388983 1.364113 0.642156 0.556920 1.463102 0.0 0.0
120.04 0.582566 0.438121 0.684592 1.388983 1.364113 0.642156 0.556920 1.463102 0.0 0.0
120.05 0.582566 0.438121 0.684592 1.388983 1.364113 0.642156 0.556920 1.463102 0.0 0.0
121.01 0.855184 0.486676 0.178345 0.263315 0.454014 0.015900 0.274192 0.285446 0.0 0.0
121.02 0.855184 0.486676 0.178345 0.263315 0.454014 0.015900 0.274192 0.285446 0.0 0.0
121.03 0.855184 0.486676 0.178345 0.263315 0.454014 0.015900 0.274192 0.285446 0.0 0.0
121.04 0.855184 0.486676 0.178345 0.263315 0.454014 0.015900 0.274192 0.285446 0.0 0.0
121.05 0.855184 0.486676 0.178345 0.263315 0.454014 0.015900 0.274192 0.285446 0.0 0.0
122.01 0.401873 0.697130 0.593724 0.892839 1.156248 0.661124 0.244232 0.943910 0.0 0.0
122.02 0.401873 0.697130 0.593724 0.892839 1.156248 0.661124 0.244232 0.943910 0.0 0.0
122.03 0.401873 0.697130 0.593724 0.892839 1.156248 0.661124 0.244232 0.943910 0.0 0.0
122.04 0.401873 0.697130 0.593724 0.892839 1.156248 0.661124 0.244232 0.943910 0.0 0.0
122.05 0.401873 0.697130 0.593724 0.892839 1.156248 0.661124 0.244232 0.943910 0.0 0.0
123.01 0.280159 0.614037 0.737882 1.053440 1.393243 0.240113 1.247275 0.129553 0.0 0.0
123.02 0.280159 0.614037 0.737882 1.053440 1.393243 0.240113 1.247275 0.129553 0.0 0.0
123.03 0.280159 0.614037 0.737882 1.053440 1.393243 0.240113 1.247275 0.129553 0.0 0.0
123.04 0.280159 0.614037 0.737882 1.053440 1.393243 0.240113 1.247275 0.129553 0.0 0.0
123.05 0.280159 0.614037 0.737882 1.053440 1.393243 0.240113 1.247275 0.129553 0.0 0.0
124.01 0.530477 0.407457 0.743352 1.211611 0.538993 0.281046 0.423310 0.593944 0.0 0.0
124.02 0.530477 0.407457 0.743352 1.211611 0.538993 0.281046 0.423310 0.593944 0.0 0.0
124.03 0.530477 0.407457 0.743352 1.211611 0.538993 0.281046 0.423310 0.593944 0.0 0.0
124.04 0.530477 0.407457 0.743352 1.211611 0.538993 0.281046 0.423310 0.593944 0.0 0.0
124.05 0.530477 0.407457 0.743352 1.211611 0.538993 0.281046 0.423310 0.593944 0.0 0.0
125.01 0.890010 0.317431 0.327291 1.409791 0.947706 0.408503 0.646349 0.960994 0.0 0.0
125.02 0.890010 0.317431 0.327291 1.409791 0.947706 0.408503 0.646349 0.960994 0.0 0.0
125.03 0.890010 0.317431 0.327291 1.409791 0.947706 0.408503 0.646349 0.960994 0.0 0.0
125.04 0.890010 0.317431 0.327291 1.409791 0.947706 0.408503 0.646349 0.960994 0.0 0.0
125.05 0.890010 0.317431 0.327291 1.409791 0.947706 0.408503 0.646349 0.960994 0.0 0.0
126.01 0.974779 0.017041 0.222519 0.686285 0.340094 0.981313 0.113873 0.786983 0.0 0.0
126.02 0.974779 0.017041 0.222519 0.686285 0.340094 0.981313 0.113873 0.786983 0.0 0.0
126.03 0.974779 0.017041 0.222519 0.686285 0.340094 0.981313 0.113873 0.786983 0.0 0.0
126.04 0.974779 0.017041 0.222519 0.686285 0.340094 0.981313 0.113873 0.786983 0.0 0.0
126.05 0.974779 0.017041 0.222519 0.686285 0.340094 0.981313 0.113873 0.786983 0.0 0.0
127.01 0.305564 0.444873 0.841854 0.876065 0.010212 1.436074 1.030320 1.032641 0.0 0.0
127.02 0.305564 0.444873 0.841854 0.876065 0.010212 1.436074 1.030320 1.032641 0.0 0.0
127.03 0.305564 0.444873 0.841854 0.876065 0.010212 1.436074 1.030320 1.032641 0.0 0.0
127.04 0.305564 0.444873 0.841854 0.876065 0.010212 1.436074 1.030320 1.032641 0.0 0.0
127.05 0.305564 0.444873 0.841854 0.876065 0.010212 1.436074 1.030320 1.032641 0.0 0.0
128.01 0.720227 0.689109 0.080014 1.490458 0.502630 0.479691 1.351135 1.263181 0.0 0.0
128.02 0.720227 0.689109 0.080014 1.490458 0.502630 0.479691 1.351135 1.263181 0.0 0.0
128.03 0.720227 0.689109 0.080014 1.490458 0.502630 0.479691 1.351135 1.263181 0.0 0.0
128.04 0.720227 0.689109 0.080014 1.490458 0.502630 0.479691 1.351135 1.263181 0.0 0.0
128.05 0.720227 0.689109 0.080014 1.490458 0.502630 0.479691 1.351135 1.263181 0.0 0.0
129.01 0.299339 0.707216 0.640502 0.094995 0.268342 0.930947 1.422631 0.985793 0.0 0.0
129.02 0.299339 0.707216 0.640502 0.094995 0.268342 0.930947 1.422631 0.985793 0.0 0.0
129.03 0.299339 0.707216 0.640502 0.094995 0.268342 0.930947 1.422631 0.985793 0.0 0.0
129.04 0.299339 0.707216 0.640502 0.094995 0.268342 0.930947 1.422631 0.985793 0.0 0.0
129.05 0.299339 0.707216 0.640502 0.094995 0.268342 0.930947 1.422631 0.985793 0.0 0.0
130.01 0.681936 0.605425 0.410395 0.274394 0.835264 1.229653 0.651281 0.625381 0.0 0.0
130.02 0.681936 0.605425 0.410395 0.274394 0.835264 1.229653 0.651281 0.625381 0.0 0.0
130.03 0.681936 0.605425 0.410395 0.274394 0.835264 1.229653 0.651281 0.625381 0.0 0.0
130.04 0.681936 0.605425 0.410395 0.274394 0.835264 1.229653 0.651281 0.625381 0.0 0.0
130.05 0.681936 0.605425 0.410395 0.274394 0.835264 1.229653 0.651281 0.625381 0.0 0.0
131.01 0.559968 0.583682 0.588006 0.868782 0.957889 0.867404 0.347712 0.542680 0.0 0.0
131.02 0.559968 0.583682 0.588006 0.868782 0.957889 0.867404 0.347712 0.542680 0.0 0.0
131.03 0.559968 0.583682 0.588006 0.868782 0.957889 0.867404 0.347712 0.542680 0.0 0.0
131.04 0.559968 0.583682 0.588006 0.868782 0.957889 0.867404 0.347712 0.542680 0.0 0.0
131.05 0.559968 0.583682 0.588006 0.868782 0.957889 0.867404 0.347712 0.542680 0.0 0.0
132.01 0.383759 0.711997 0.588038 1.055451 0.334236 0.126917 0.210064 0.812906 0.0 0.0
132.02 0.383759 0.711997 0.588038 1.055451 0.334236 0.126917 0.210064 0.812906 0.0 0.0
132.03 0.383759 0.711997 0.588038 1.055451 0.334236 0.126917 0.210064 0.812906 0.0 0.0
132.04 0.383759 0.711997 0.588038 1.055451 0.334236 0.126917 0.210064 0.812906 0.0 0.0
132.05 0.383759 0.711997 0.588038 1.055451 0.334236 0.126917 0.210064 0.812906 0.0 0.0
133.01 0.413719 0.827697 0.379150 0.981420 1.530193 0.008991 0.332734 0.532726 0.0 0.0
133.02 0.413719 0.827697 0.379150 0.981420 1.530193 0.008991 0.332734 0.532726 0.0 0.0
133.03 0.413719 0.827697 0.379150 0.981420 1.530193 0.008991 0.332734 0.532726 0.0 0.0
133.04 0.413719 0.827697 0.379150 0.981420 1.530193 0.008991 0.332734 0.532726 0.0 0.0
133.05 0.413719 0.827697 0.379150 0.981420 1.530193 0.008991 0.332734 0.532726 0.0 0.0
134.01 0.375543 0.841929 0.387458 0.870294 0.879767 0.335006 0.089916 1.170939 0.0 0.0
134.02 0.375543 0.841929 0.387458 0.870294 0.879767 0.335006 0.089916 1.170939 0.0 0.0
134.03 0.375543 0.841929 0.387458 0.870294 0.879767 0.335006 0.089916 1.170939 0.0 0.0
134.04 0.375543 0.841929 0.387458 0.870294 0.879767 0.335006 0.089916 1.170939 0.0 0.0
134.05 0.375543 0.841929 0.387458 0.870294 0.879767 0.335006 0.089916 1.170939 0.0 0.0
135.01 0.858251 0.124128 0.497994 0.542342 0.968345 0.205527 0.550439 0.605487 0.0 0.0
135.02 0.858251 0.124128 0.497994 0.542342 0.968345 0.205527 0.550439 0.605487 0.0 0.0
135.03 0.858251 0.124128 0.497994 0.542342 0.968345 0.205527 0.550439 0.605487 0.0 0.0
135.04 0.858251 0.124128 0.497994 0.542342 0.968345 0.205527 0.550439 0.605487 0.0 0.0
135.05 0.858251 0.124128 0.497994 0.542342 0.968345 0.205527 0.550439 0.605487 0.0 0.0
136.01 0.597763 0.436178 0.672628 1.355530 0.585583 0.876765 1.005493 0.990600 0.0 0.0
136.02 0.597763 0.436178 0.672628 1.355530 0.585583 0.876765 1.005493 0.990600 0.0 0.0
136.03 0.597763 0.436178 0.672628 1.355530 0.585583 0.876765 1.005493 0.990600 0.0 0.0
136.04 0.597763 0.436178 0.672628 1.355530 0.585583 0.876765 1.005493 0.990600 0.0 0.0
136.05 0.597763 0.436178 0.672628 1.355530 0.585583 0.876765 1.005493 0.990600 0.0 0.0
137.01 0.570738 0.662017 0.485790 0.410668 0.173456 0.612457 0.674954 1.286149 0.0 0.0
137.02 0.570738 0.662017 0.485790 0.410668 0.173456 0.612457 0.674954 1.286149 0.0 0.0
137.03 0.570738 0.662017 0.485790 0.410668 0.173456 0.612457 0.674954 1.286149 0.0 0.0
137.04 0.570738 0.662017 0.485790 0.410668 0.173456 0.612457 0.674954 1.286149 0.0 0.0
137.05 0.570738 0.662017 0.485790 0.410668 0.173456 0.612457 0.674954 1.286149 0.0 0.0
138.01 0.145291 0.314139 0.938194 0.509101 0.747627 0.161565 0.736174 0.159229 0.0 0.0
138.02 0.145291 0.314139 0.938194 0.509101 0.747627 0.161565 0.736174 0.159229 0.0 0.0
138.03 0.145291 0.314139 0.938194 0.509101 0.747627 0.161565 0.736174 0.159229 0.0 0.0
138.04 0.145291 0.314139 0.938194 0.509101 0.747627 0.161565 0.736174 0.159229 0.0 0.0
138.05 0.145291 0.314139 0.938194 0.509101 0.747627 0.161565 0.736174 0.159229 0.0 0.0
139.01 0.908225 0.409874 0.084440 0.148066 1.230288 0.234568 1.275171 0.461440 0.0 0.0
139.02 0.908225 0.409874 0.084440 0.148066 1.230288 0.234568 1.275171 0.461440 0.0 0.0
139.03 0.908225 0.409874 0.084440 0.148066 1.230288 0.234568 1.275171 0.461440 0.0 0.0
139.04 0.908225 0.409874 0.084440 0.148066 1.230288 0.234568 1.275171 0.461440 0.0 0.0
139.05 0.908225 0.409874 0.084440 0.148066 1.230288 0.234568 1.275171 0.461440 0.0 0.0
140.01 0.430589 0.419777 0.798987 0.165095 0.868324 1.302974 0.355507 0.218506 0.0 0.0
140.02 0.430589 0.419777 0.798987 0.165095 0.868324 1.302974 0.355507 0.218506 0.0 0.0
140.03 0.430589 0.419777 0.798987 0.165095 0.868324 1.302974 0.355507 0.218506 0.0 0.0
140.04 0.430589 0.419777 0.798987 0.165095 0.868324 1.302974 0.355507 0.218506 0.0 0.0
140.05 0.430589 0.419777 0.798987 0.165095 0.868324 1.302974 0.355507 0.218506 0.0 0.0
141.01 0.561803 0.378627 0.735540 1.165196 1.386693 1.223500 0.200135 0.018147 0.0 0.0
141.02 0.561803 0.378627 0.735540 1.165196 1.386693 1.223500 0.200135 0.018147 0.0 0.0
141.03 0.561803 0.378627 0.735540 1.165196 1.386693 1.223500 0.200135 0.018147 0.0 0.0
141.04 0.561803 0.378627 0.735540 1.165196 1.386693 1.223500 0.200135 0.018147 0.0 0.0
141.05 0.561803 0.378627 0.735540 1.165196 1.386693 1.223500 0.200135 0.018147 0.0 0.0
142.01 0.614373 0.390547 0.685579 1.391505 0.891537 0.500717 0.018993 0.097859 0.0 0.0
142.02 0.614373 0.390547 0.685579 1.391505 0.891537 0.500717 0.018993 0.097859 0.0 0.0
142.03 0.614373 0.390547 0.685579 1.391505 0.891537 0.500717 0.018993 0.097859 0.0 0.0
142.04 0.614373 0.390547 0.685579 1.391505 0.891537 0.500717 0.018993 0.097859 0.0 0.0
142.05 0.614373 0.390547 0.685579 1.391505 0.891537 0.500717 0.018993 0.097859 0.0 0.0
143.01 0.756759 0.605924 0.245299 1.547956 0.736498 1.244627 0.166892 0.515079 0.0 0.0
143.02 0.756759 0.605924 0.245299 1.547956 0.736498 1.244627 0.166892 0.515079 0.0 0.0
143.03 0.756759 0.605924 0.245299 1.547956 0.736498 1.244627 0.166892 0.515079 0.0 0.0
143.04 0.756759 0.605924 0.245299 1.547956 0.736498 1.244627 0.166892 0.515079 0.0 0.0
143.05 0.756759 0.605924 0.245299 1.547956 0.736498 1.244627 0.166892 0.515079 0.0 0.0
144.01 0.315395 0.763850 0.563080 1.128913 0.714920 1.266224 0.278345 0.982021 0.0 0.0
144.02 0.315395 0.763850 0.563080 1.128913 0.714920 1.266224 0.278345 0.982021 0.0 0.0
144.03 0.315395 0.763850 0.563080 1.128913 0.714920 1.266224 0.278345 0.982021 0.0 0.0
144.04 0.315395 0.763850 0.563080 1.128913 0.714920 1.266224 0.278345 0.982021 0.0 0.0
144.05 0.315395 0.763850 0.563080 1.128913 0.714920 1.266224 0.278345 0.982021 0.0 0.0
145.01 0.420704 0.534599 0.732947 1.197550 0.276696 1.244246 1.072910 1.485811 0.0 0.0
145.02 0.420704 0.534599 0.732947 1.197550 0.276696 1.244246 1.072910 1.485811 0.0 0.0
145.03 0.420704 0.534599 0.732947 1.197550 0.276696 1.244246 1.072910 1.485811 0.0 0.0
145.04 0.420704 0.534599 0.732947 1.197550 0.276696 1.244246 1.072910 1.485811 0.0 0.0
145.05 0.420704 0.534599 0.732947 1.197550 0.276696 1.244246 1.072910 1.485811 0.0 0.0
146.01 0.711680 0.099035 0.695488 0.305825 0.813785 0.156436 0.368916 0.920211 0.0 0.0
146.02 0.711680 0.099035 0.695488 0.305825 0.813785 0.156436 0.368916 0.920211 0.0 0.0
146.03 0.711680 0.099035 0.695488 0.305825 0.813785 0.156436 0.368916 0.920211 0.0 0.0
146.04 0.711680 0.099035 0.695488 0.305825 0.813785 0.156436 0.368916 0.920211 0.0 0.0
146.05 0.711680 0.099035 0.695488 0.305825 0.813785 0.156436 0.368916 0.920211 0.0 0.0
147.01 0.065262 0.250801 0.965836 0.565124 1.450478 0.424149 0.871318 1.420855 0.0 0.0
147.02 0.065262 0.250801 0.965836 0.565124 1.450478 0.424149 0.871318 1.420855 0.0 0.0
147.03 0.065262 0.250801 0.965836 0.565124 1.450478 0.424149 0.871318 1.420855 0.0 0.0
147.04 0.065262 0.250801 0.965836 0.565124 1.450478 0.424149 0.871318 1.420855 0.0 0.0
147.05 0.065262 0.250801 0.965836 0.565124 1.450478 0.424149 0.871318 1.420855 0.0 0.0
148.01 0.806546 0.559863 0.189833 1.323569 1.192428 1.191241 0.245998 1.042033 0.0 0.0
148.02 0.806546 0.559863 0.189833 1.323569 1.192428 1.191241 0.245998 1.042033 0.0 0.0
148.03 0.806546 0.559863 0.189833 1.323569 1.192428 1.191241 0.245998 1.042033 0.0 0.0
148.04 0.806546 0.559863 0.189833 1.323569 1.192428 1.191241 0.245998 1.042033 0.0 0.0
148.05 0.806546 0.559863 0.189833 1.323569 1.192428 1.191241 0.245998 1.042033 0.0 0.0
149.01 0.782273 0.605929 0.144562 0.601746 1.359348 0.709571 1.527486 0.386476 0.0 0.0
149.02 0.782273 0.605929 0.144562 0.601746 1.359348 0.709571 1.527486 0.386476 0.0 0.0
149.03 0.782273 0.605929 0.144562 0.601746 1.359348 0.709571 1.527486 0.386476 0.0 0.0
149.04 0.782273 0.605929 0.144562 0.601746 1.359348 0.709571 1.527486 0.386476 0.0 0.0
149.05 0.782273 0.605929 0.144562 0.601746 1.359348 0.709571 1.527486 0.386476 0.0 0.0
