0.01 0.825185 0.503533 0.255978 0.342322 1.326041 1.482607 0.440308 0.706642 0.0 0.0
0.02 0.825185 0.503533 0.255978 0.342322 1.326041 1.482607 0.440308 0.706642 0.0 0.0
0.03 0.825185 0.503533 0.255978 0.342322 1.326041 1.482607 0.440308 0.706642 0.0 0.0
0.04 0.825185 0.503533 0.255978 0.342322 1.326041 1.482607 0.440308 0.706642 0.0 0.0
0.05 0.825185 0.503533 0.255978 0.342322 1.326041 1.482607 0.440308 0.706642 0.0 0.0
1.01 0.695014 0.652300 0.302425 0.853649 1.287146 1.168924 1.189848 0.303896 0.0 0.0
1.02 0.695014 0.652300 0.302425 0.853649 1.287146 1.168924 1.189848 0.303896 0.0 0.0
1.03 0.695014 0.652300 0.302425 0.853649 1.287146 1.168924 1.189848 0.303896 0.0 0.0
1.04 0.695014 0.652300 0.302425 0.853649 1.287146 1.168924 1.189848 0.303896 0.0 0.0
1.05 0.695014 0.652300 0.302425 0.853649 1.287146 1.168924 1.189848 0.303896 0.0 0.0
2.01 0.655586 0.245948 0.713944 0.377740 0.985591 1.368102 0.784373 0.805480 0.0 0.0
2.02 0.655586 0.245948 0.713944 0.377740 0.985591 1.368102 0.784373 0.805480 0.0 0.0
2.03 0.655586 0.245948 0.713944 0.377740 0.985591 1.368102 0.784373 0.805480 0.0 0.0
2.04 0.655586 0.245948 0.713944 0.377740 0.985591 1.368102 0.784373 0.805480 0.0 0.0
2.05 0.655586 0.245948 0.713944 0.377740 0.985591 1.368102 0.784373 0.805480 0.0 0.0
3.01 0.314204 0.560799 0.766016 1.310736 0.395607 1.275291 1.440894 0.687505 0.0 0.0
3.02 0.314204 0.560799 0.766016 1.310736 0.395607 1.275291 1.440894 0.687505 0.0 0.0
3.03 0.314204 0.560799 0.766016 1.310736 0.395607 1.275291 1.440894 0.687505 0.0 0.0
3.04 0.314204 0.560799 0.766016 1.310736 0.395607 1.275291 1.440894 0.687505 0.0 0.0
3.05 0.314204 0.560799 0.766016 1.310736 0.395607 1.275291 1.440894 0.687505 0.0 0.0
4.01 0.755873 0.621776 0.205064 0.708659 1.268544 0.699292 1.211142 1.511312 0.0 0.0
4.02 0.755873 0.621776 0.205064 0.708659 1.268544 0.699292 1.211142 1.511312 0.0 0.0
4.03 0.755873 0.621776 0.205064 0.708659 1.268544 0.699292 1.211142 1.511312 0.0 0.0
4.04 0.755873 0.621776 0.205064 0.708659 1.268544 0.699292 1.211142 1.511312 0.0 0.0
4.05 0.755873 0.621776 0.205064 0.708659 1.268544 0.699292 1.211142 1.511312 0.0 0.0
5.01 0.689981 0.708579 0.147788 1.028275 0.584281 0.853471 1.424735 0.703809 0.0 0.0
5.02 0.689981 0.708579 0.147788 1.028275 0.584281 0.853471 1.424735 0.703809 0.0 0.0
5.03 0.689981 0.708579 0.147788 1.028275 0.584281 0.853471 1.424735 0.703809 0.0 0.0
5.04 0.689981 0.708579 0.147788 1.028275 0.584281 0.853471 1.424735 0.703809 0.0 0.0
5.05 0.689981 0.708579 0.147788 1.028275 0.584281 0.853471 1.424735 0.703809 0.0 0.0
6.01 0.452441 0.736022 0.503555 0.394376 0.084750 0.721198 0.658925 0.976616 0.0 0.0
6.02 0.452441 0.736022 0.503555 0.394376 0.084750 0.721198 0.658925 0.976616 0.0 0.0
6.03 0.452441 0.736022 0.503555 0.394376 0.084750 0.721198 0.658925 0.976616 0.0 0.0
6.04 0.452441 0.736022 0.503555 0.394376 0.084750 0.721198 0.658925 0.976616 0.0 0.0
6.05 0.452441 0.736022 0.503555 0.394376 0.084750 0.721198 0.658925 0.976616 0.0 0.0
7.01 0.531129 0.527804 0.662816 0.670802 0.847290 0.450655 0.375646 0.538846 0.0 0.0
7.02 0.531129 0.527804 0.662816 0.670802 0.847290 0.450655 0.375646 0.538846 0.0 0.0
7.03 0.531129 0.527804 0.662816 0.670802 0.847290 0.450655 0.375646 0.538846 0.0 0.0
7.04 0.531129 0.527804 0.662816 0.670802 0.847290 0.450655 0.375646 0.538846 0.0 0.0
7.05 0.531129 0.527804 0.662816 0.670802 0.847290 0.450655 0.375646 0.538846 0.0 0.0
8.01 0.643272 0.270177 0.716384 0.370373 1.345944 0.503184 1.134768 0.275844 0.0 0.0
8.02 0.643272 0.270177 0.716384 0.370373 1.345944 0.503184 1.134768 0.275844 0.0 0.0
8.03 0.643272 0.270177 0.716384 0.370373 1.345944 0.503184 1.134768 0.275844 0.0 0.0
8.04 0.643272 0.270177 0.716384 0.370373 1.345944 0.503184 1.134768 0.275844 0.0 0.0
8.05 0.643272 0.270177 0.716384 0.370373 1.345944 0.503184 1.134768 0.275844 0.0 0.0
9.01 0.557620 0.624831 0.546485 0.720366 0.004695 0.003443 1.312156 1.116494 0.0 0.0
9.02 0.557620 0.624831 0.546485 0.720366 0.004695 0.003443 1.312156 1.116494 0.0 0.0
9.03 0.557620 0.624831 0.546485 0.720366 0.004695 0.003443 1.312156 1.116494 0.0 0.0
9.04 0.557620 0.624831 0.546485 0.720366 0.004695 0.003443 1.312156 1.116494 0.0 0.0
9.05 0.557620 0.624831 0.546485 0.720366 0.004695 0.003443 1.312156 1.116494 0.0 0.0
10.01 0.189441 0.546325 0.815868 0.377279 0.779417 0.183225 0.208459 0.261874 0.0 0.0
10.02 0.189441 0.546325 0.815868 0.377279 0.779417 0.183225 0.208459 0.261874 0.0 0.0
10.03 0.189441 0.546325 0.815868 0.377279 0.779417 0.183225 0.208459 0.261874 0.0 0.0
10.04 0.189441 0.546325 0.815868 0.377279 0.779417 0.183225 0.208459 0.261874 0.0 0.0
10.05 0.189441 0.546325 0.815868 0.377279 0.779417 0.183225 0.208459 0.261874 0.0 0.0
11.01 0.263628 0.501284 0.824145 0.383248 0.167208 1.454890 0.176315 0.885048 0.0 0.0
11.02 0.263628 0.501284 0.824145 0.383248 0.167208 1.454890 0.176315 0.885048 0.0 0.0
11.03 0.263628 0.501284 0.824145 0.383248 0.167208 1.454890 0.176315 0.885048 0.0 0.0
11.04 0.263628 0.501284 0.824145 0.383248 0.167208 1.454890 0.176315 0.885048 0.0 0.0
11.05 0.263628 0.501284 0.824145 0.383248 0.167208 1.454890 0.176315 0.885048 0.0 0.0
12.01 0.432713 0.666679 0.606876 0.415335 1.461191 0.197328 0.073495 0.042459 0.0 0.0
12.02 0.432713 0.666679 0.606876 0.415335 1.461191 0.197328 0.073495 0.042459 0.0 0.0
12.03 0.432713 0.666679 0.606876 0.415335 1.461191 0.197328 0.073495 0.042459 0.0 0.0
12.04 0.432713 0.666679 0.606876 0.415335 1.461191 0.197328 0.073495 0.042459 0.0 0.0
12.05 0.432713 0.666679 0.606876 0.415335 1.461191 0.197328 0.073495 0.042459 0.0 0.0
13.01 0.099141 0.120527 0.987747 0.375789 0.894300 0.658273 1.010556 1.145506 0.0 0.0
13.02 0.099141 0.120527 0.987747 0.375789 0.894300 0.658273 1.010556 1.145506 0.0 0.0
13.03 0.099141 0.120527 0.987747 0.375789 0.894300 0.658273 1.010556 1.145506 0.0 0.0
13.04 0.099141 0.120527 0.987747 0.375789 0.894300 0.658273 1.010556 1.145506 0.0 0.0
13.05 0.099141 0.120527 0.987747 0.375789 0.894300 0.658273 1.010556 1.145506 0.0 0.0
14.01 0.581344 0.813626 0.007185 0.569063 0.646053 1.228374 0.573709 0.800691 0.0 0.0
14.02 0.581344 0.813626 0.007185 0.569063 0.646053 1.228374 0.573709 0.800691 0.0 0.0
14.03 0.581344 0.813626 0.007185 0.569063 0.646053 1.228374 0.573709 0.800691 0.0 0.0
14.04 0.581344 0.813626 0.007185 0.569063 0.646053 1.228374 0.573709 0.800691 0.0 0.0
14.05 0.581344 0.813626 0.007185 0.569063 0.646053 1.228374 0.573709 0.800691 0.0 0.0
15.01 0.244610 0.747817 0.617200 0.192466 0.517340 1.094885 0.800784 0.108719 0.0 0.0
15.02 0.244610 0.747817 0.617200 0.192466 0.517340 1.094885 0.800784 0.108719 0.0 0.0
15.03 0.244610 0.747817 0.617200 0.192466 0.517340 1.094885 0.800784 0.108719 0.0 0.0
15.04 0.244610 0.747817 0.617200 0.192466 0.517340 1.094885 0.800784 0.108719 0.0 0.0
15.05 0.244610 0.747817 0.617200 0.192466 0.517340 1.094885 0.800784 0.108719 0.0 0.0
16.01 0.504261 0.691929 0.516677 0.642193 1.211150 0.310931 0.398268 0.796540 0.0 0.0
16.02 0.504261 0.691929 0.516677 0.642193 1.211150 0.310931 0.398268 0.796540 0.0 0.0
16.03 0.504261 0.691929 0.516677 0.642193 1.211150 0.310931 0.398268 0.796540 0.0 0.0
16.04 0.504261 0.691929 0.516677 0.642193 1.211150 0.310931 0.398268 0.796540 0.0 0.0
16.05 0.504261 0.691929 0.516677 0.642193 1.211150 0.310931 0.398268 0.796540 0.0 0.0
17.01 0.553732 0.832364 0.023488 1.120974 1.034457 1.385960 1.215496 1.185173 0.0 0.0
17.02 0.553732 0.832364 0.023488 1.120974 1.034457 1.385960 1.215496 1.185173 0.0 0.0
17.03 0.553732 0.832364 0.023488 1.120974 1.034457 1.385960 1.215496 1.185173 0.0 0.0
17.04 0.553732 0.832364 0.023488 1.120974 1.034457 1.385960 1.215496 1.185173 0.0 0.0
17.05 0.553732 0.832364 0.023488 1.120974 1.034457 1.385960 1.215496 1.185173 0.0 0.0
18.01 0.264473 0.929374 0.257522 1.347721 1.102799 0.733728 1.428943 0.260745 0.0 0.0
18.02 0.264473 0.929374 0.257522 1.347721 1.102799 0.733728 1.428943 0.260745 0.0 0.0
18.03 0.264473 0.929374 0.257522 1.347721 1.102799 0.733728 1.428943 0.260745 0.0 0.0
18.04 0.264473 0.929374 0.257522 1.347721 1.102799 0.733728 1.428943 0.260745 0.0 0.0
18.05 0.264473 0.929374 0.257522 1.347721 1.102799 0.733728 1.428943 0.260745 0.0 0.0
19.01 0.611571 0.595848 0.520524 0.748162 0.804735 0.890468 0.893217 1.350289 0.0 0.0
19.02 0.611571 0.595848 0.520524 0.748162 0.804735 0.890468 0.893217 1.350289 0.0 0.0
19.03 0.611571 0.595848 0.520524 0.748162 0.804735 0.890468 0.893217 1.350289 0.0 0.0
19.04 0.611571 0.595848 0.520524 0.748162 0.804735 0.890468 0.893217 1.350289 0.0 0.0
19.05 0.611571 0.595848 0.520524 0.748162 0.804735 0.890468 0.893217 1.350289 0.0 0.0
20.01 0.630785 0.041252 0.774861 0.391790 0.105398 0.608087 1.485826 1.141103 0.0 0.0
20.02 0.630785 0.041252 0.774861 0.391790 0.105398 0.608087 1.485826 1.141103 0.0 0.0
20.03 0.630785 0.041252 0.774861 0.391790 0.105398 0.608087 1.485826 1.141103 0.0 0.0
20.04 0.630785 0.041252 0.774861 0.391790 0.105398 0.608087 1.485826 1.141103 0.0 0.0
20.05 0.630785 0.041252 0.774861 0.391790 0.105398 0.608087 1.485826 1.141103 0.0 0.0
21.01 0.754400 0.391232 0.527084 1.115899 0.749191 1.326297 1.528107 0.935472 0.0 0.0
21.02 0.754400 0.391232 0.527084 1.115899 0.749191 1.326297 1.528107 0.935472 0.0 0.0
21.03 0.754400 0.391232 0.527084 1.115899 0.749191 1.326297 1.528107 0.935472 0.0 0.0
21.04 0.754400 0.391232 0.527084 1.115899 0.749191 1.326297 1.528107 0.935472 0.0 0.0
21.05 0.754400 0.391232 0.527084 1.115899 0.749191 1.326297 1.528107 0.935472 0.0 0.0
22.01 0.178445 0.976530 0.120612 1.540492 0.270404 1.566349 0.205342 0.102734 0.0 0.0
22.02 0.178445 0.976530 0.120612 1.540492 0.270404 1.566349 0.205342 0.102734 0.0 0.0
22.03 0.178445 0.976530 0.120612 1.540492 0.270404 1.566349 0.205342 0.102734 0.0 0.0
22.04 0.178445 0.976530 0.120612 1.540492 0.270404 1.566349 0.205342 0.102734 0.0 0.0
22.05 0.178445 0.976530 0.120612 1.540492 0.270404 1.566349 0.205342 0.102734 0.0 0.0
23.01 0.254938 0.701658 0.665343 0.968425 0.178953 1.437855 0.191243 0.514028 0.0 0.0
23.02 0.254938 0.701658 0.665343 0.968425 0.178953 1.437855 0.191243 0.514028 0.0 0.0
23.03 0.254938 0.701658 0.665343 0.968425 0.178953 1.437855 0.191243 0.514028 0.0 0.0
23.04 0.254938 0.701658 0.665343 0.968425 0.178953 1.437855 0.191243 0.514028 0.0 0.0
23.05 0.254938 0.701658 0.665343 0.968425 0.178953 1.437855 0.191243 0.514028 0.0 0.0
24.01 0.447883 0.223076 0.865816 0.207800 0.348357 0.614289 0.763324 0.360076 0.0 0.0
24.02 0.447883 0.223076 0.865816 0.207800 0.348357 0.614289 0.763324 0.360076 0.0 0.0
24.03 0.447883 0.223076 0.865816 0.207800 0.348357 0.614289 0.763324 0.360076 0.0 0.0
24.04 0.447883 0.223076 0.865816 0.207800 0.348357 0.614289 0.763324 0.360076 0.0 0.0
24.05 0.447883 0.223076 0.865816 0.207800 0.348357 0.614289 0.763324 0.360076 0.0 0.0
25.01 0.930831 0.309429 0.194440 0.749749 1.154151 0.017618 0.321791 0.863839 0.0 0.0
25.02 0.930831 0.309429 0.194440 0.749749 1.154151 0.017618 0.321791 0.863839 0.0 0.0
25.03 0.930831 0.309429 0.194440 0.749749 1.154151 0.017618 0.321791 0.863839 0.0 0.0
25.04 0.930831 0.309429 0.194440 0.749749 1.154151 0.017618 0.321791 0.863839 0.0 0.0
25.05 0.930831 0.309429 0.194440 0.749749 1.154151 0.017618 0.321791 0.863839 0.0 0.0
26.01 0.816364 0.427655 0.388152 0.611793 0.228062 0.921408 1.006381 1.372210 0.0 0.0
26.02 0.816364 0.427655 0.388152 0.611793 0.228062 0.921408 1.006381 1.372210 0.0 0.0
26.03 0.816364 0.427655 0.388152 0.611793 0.228062 0.921408 1.006381 1.372210 0.0 0.0
26.04 0.816364 0.427655 0.388152 0.611793 0.228062 0.921408 1.006381 1.372210 0.0 0.0
26.05 0.816364 0.427655 0.388152 0.611793 0.228062 0.921408 1.006381 1.372210 0.0 0.0
27.01 0.725536 0.687481 0.031090 1.058173 0.513329 0.466349 0.082524 0.597559 0.0 0.0
27.02 0.725536 0.687481 0.031090 1.058173 0.513329 0.466349 0.082524 0.597559 0.0 0.0
27.03 0.725536 0.687481 0.031090 1.058173 0.513329 0.466349 0.082524 0.597559 0.0 0.0
27.04 0.725536 0.687481 0.031090 1.058173 0.513329 0.466349 0.082524 0.597559 0.0 0.0
27.05 0.725536 0.687481 0.031090 1.058173 0.513329 0.466349 0.082524 0.597559 0.0 0.0
28.01 0.262599 0.519187 0.813318 0.727798 1.120086 0.012991 0.232897 1.265144 0.0 0.0
28.02 0.262599 0.519187 0.813318 0.727798 1.120086 0.012991 0.232897 1.265144 0.0 0.0
28.03 0.262599 0.519187 0.813318 0.727798 1.120086 0.012991 0.232897 1.265144 0.0 0.0
28.04 0.262599 0.519187 0.813318 0.727798 1.120086 0.012991 0.232897 1.265144 0.0 0.0
28.05 0.262599 0.519187 0.813318 0.727798 1.120086 0.012991 0.232897 1.265144 0.0 0.0
29.01 0.202966 0.827435 0.523600 1.067139 1.329251 0.122437 1.349766 0.426043 0.0 0.0
29.02 0.202966 0.827435 0.523600 1.067139 1.329251 0.122437 1.349766 0.426043 0.0 0.0
29.03 0.202966 0.827435 0.523600 1.067139 1.329251 0.122437 1.349766 0.426043 0.0 0.0
29.04 0.202966 0.827435 0.523600 1.067139 1.329251 0.122437 1.349766 0.426043 0.0 0.0
29.05 0.202966 0.827435 0.523600 1.067139 1.329251 0.122437 1.349766 0.426043 0.0 0.0
30.01 0.517617 0.695968 0.497695 0.489342 0.331089 0.942940 1.142782 0.171561 0.0 0.0
30.02 0.517617 0.695968 0.497695 0.489342 0.331089 0.942940 1.142782 0.171561 0.0 0.0
30.03 0.517617 0.695968 0.497695 0.489342 0.331089 0.942940 1.142782 0.171561 0.0 0.0
30.04 0.517617 0.695968 0.497695 0.489342 0.331089 0.942940 1.142782 0.171561 0.0 0.0
30.05 0.517617 0.695968 0.497695 0.489342 0.331089 0.942940 1.142782 0.171561 0.0 0.0
31.01 0.559730 0.766130 0.315827 0.071472 1.047252 1.208266 0.010207 1.274418 0.0 0.0
31.02 0.559730 0.766130 0.315827 0.071472 1.047252 1.208266 0.010207 1.274418 0.0 0.0
31.03 0.559730 0.766130 0.315827 0.071472 1.047252 1.208266 0.010207 1.274418 0.0 0.0
31.04 0.559730 0.766130 0.315827 0.071472 1.047252 1.208266 0.010207 1.274418 0.0 0.0
31.05 0.559730 0.766130 0.315827 0.071472 1.047252 1.208266 0.010207 1.274418 0.0 0.0
32.01 0.262620 0.400735 0.877749 0.271274 0.274434 1.284089 0.835057 1.226327 0.0 0.0
32.02 0.262620 0.400735 0.877749 0.271274 0.274434 1.284089 0.835057 1.226327 0.0 0.0
32.03 0.262620 0.400735 0.877749 0.271274 0.274434 1.284089 0.835057 1.226327 0.0 0.0
32.04 0.262620 0.400735 0.877749 0.271274 0.274434 1.284089 0.835057 1.226327 0.0 0.0
32.05 0.262620 0.400735 0.877749 0.271274 0.274434 1.284089 0.835057 1.226327 0.0 0.0
33.01 0.486714 0.829820 0.272963 0.389200 0.136086 0.475469 0.761242 1.322532 0.0 0.0
33.02 0.486714 0.829820 0.272963 0.389200 0.136086 0.475469 0.761242 1.322532 0.0 0.0
33.03 0.486714 0.829820 0.272963 0.389200 0.136086 0.475469 0.761242 1.322532 0.0 0.0
33.04 0.486714 0.829820 0.272963 0.389200 0.136086 0.475469 0.761242 1.322532 0.0 0.0
33.05 0.486714 0.829820 0.272963 0.389200 0.136086 0.475469 0.761242 1.322532 0.0 0.0
34.01 0.090856 0.936074 0.339868 0.979223 0.474411 0.335461 0.618577 0.440812 0.0 0.0
34.02 0.090856 0.936074 0.339868 0.979223 0.474411 0.335461 0.618577 0.440812 0.0 0.0
34.03 0.090856 0.936074 0.339868 0.979223 0.474411 0.335461 0.618577 0.440812 0.0 0.0
34.04 0.090856 0.936074 0.339868 0.979223 0.474411 0.335461 0.618577 0.440812 0.0 0.0
34.05 0.090856 0.936074 0.339868 0.979223 0.474411 0.335461 0.618577 0.440812 0.0 0.0
35.01 0.487755 0.223912 0.843777 0.261463 1.407804 0.320908 1.465605 0.719513 0.0 0.0
35.02 0.487755 0.223912 0.843777 0.261463 1.407804 0.320908 1.465605 0.719513 0.0 0.0
35.03 0.487755 0.223912 0.843777 0.261463 1.407804 0.320908 1.465605 0.719513 0.0 0.0
35.04 0.487755 0.223912 0.843777 0.261463 1.407804 0.320908 1.465605 0.719513 0.0 0.0
35.05 0.487755 0.223912 0.843777 0.261463 1.407804 0.320908 1.465605 0.719513 0.0 0.0
36.01 0.325195 0.392965 0.860132 0.773260 0.497199 1.476552 0.849631 0.873607 0.0 0.0
36.02 0.325195 0.392965 0.860132 0.773260 0.497199 1.476552 0.849631 0.873607 0.0 0.0
36.03 0.325195 0.392965 0.860132 0.773260 0.497199 1.476552 0.849631 0.873607 0.0 0.0
36.04 0.325195 0.392965 0.860132 0.773260 0.497199 1.476552 0.849631 0.873607 0.0 0.0
36.05 0.325195 0.392965 0.860132 0.773260 0.497199 1.476552 0.849631 0.873607 0.0 0.0
37.01 0.618525 0.545500 0.565558 0.121988 1.425057 0.813355 0.204234 0.735741 0.0 0.0
37.02 0.618525 0.545500 0.565558 0.121988 1.425057 0.813355 0.204234 0.735741 0.0 0.0
37.03 0.618525 0.545500 0.565558 0.121988 1.425057 0.813355 0.204234 0.735741 0.0 0.0
37.04 0.618525 0.545500 0.565558 0.121988 1.425057 0.813355 0.204234 0.735741 0.0 0.0
37.05 0.618525 0.545500 0.565558 0.121988 1.425057 0.813355 0.204234 0.735741 0.0 0.0
38.01 0.387026 0.803345 0.452601 0.223144 1.441440 1.057498 1.307885 0.668207 0.0 0.0
38.02 0.387026 0.803345 0.452601 0.223144 1.441440 1.057498 1.307885 0.668207 0.0 0.0
38.03 0.387026 0.803345 0.452601 0.223144 1.441440 1.057498 1.307885 0.668207 0.0 0.0
38.04 0.387026 0.803345 0.452601 0.223144 1.441440 1.057498 1.307885 0.668207 0.0 0.0
38.05 0.387026 0.803345 0.452601 0.223144 1.441440 1.057498 1.307885 0.668207 0.0 0.0
39.01 0.490605 0.770105 0.407732 0.996005 1.329367 1.218404 0.542832 0.227100 0.0 0.0
39.02 0.490605 0.770105 0.407732 0.996005 1.329367 1.218404 0.542832 0.227100 0.0 0.0
39.03 0.490605 0.770105 0.407732 0.996005 1.329367 1.218404 0.542832 0.227100 0.0 0.0
39.04 0.490605 0.770105 0.407732 0.996005 1.329367 1.218404 0.542832 0.227100 0.0 0.0
39.05 0.490605 0.770105 0.407732 0.996005 1.329367 1.218404 0.542832 0.227100 0.0 0.0
40.01 0.733001 0.133588 0.666981 0.334444 1.096675 1.300866 1.077236 1.521881 0.0 0.0
40.02 0.733001 0.133588 0.666981 0.334444 1.096675 1.300866 1.077236 1.521881 0.0 0.0
40.03 0.733001 0.133588 0.666981 0.334444 1.096675 1.300866 1.077236 1.521881 0.0 0.0
40.04 0.733001 0.133588 0.666981 0.334444 1.096675 1.300866 1.077236 1.521881 0.0 0.0
40.05 0.733001 0.133588 0.666981 0.334444 1.096675 1.300866 1.077236 1.521881 0.0 0.0
41.01 0.132092 0.514988 0.846959 0.728116 0.181656 0.559698 0.759180 0.068230 0.0 0.0
41.02 0.132092 0.514988 0.846959 0.728116 0.181656 0.559698 0.759180 0.068230 0.0 0.0
41.03 0.132092 0.514988 0.846959 0.728116 0.181656 0.559698 0.759180 0.068230 0.0 0.0
41.04 0.132092 0.514988 0.846959 0.728116 0.181656 0.559698 0.759180 0.068230 0.0 0.0
41.05 0.132092 0.514988 0.846959 0.728116 0.181656 0.559698 0.759180 0.068230 0.0 0.0
42.01 0.073740 0.985992 0.149609 1.012873 1.076688 0.374580 0.313980 0.734713 0.0 0.0
42.02 0.073740 0.985992 0.149609 1.012873 1.076688 0.374580 0.313980 0.734713 0.0 0.0
42.03 0.073740 0.985992 0.149609 1.012873 1.076688 0.374580 0.313980 0.734713 0.0 0.0
42.04 0.073740 0.985992 0.149609 1.012873 1.076688 0.374580 0.313980 0.734713 0.0 0.0
42.05 0.073740 0.985992 0.149609 1.012873 1.076688 0.374580 0.313980 0.734713 0.0 0.0
43.01 0.806614 0.536167 0.248795 0.125051 0.090732 0.699029 0.716339 0.156853 0.0 0.0
43.02 0.806614 0.536167 0.248795 0.125051 0.090732 0.699029 0.716339 0.156853 0.0 0.0
43.03 0.806614 0.536167 0.248795 0.125051 0.090732 0.699029 0.716339 0.156853 0.0 0.0
43.04 0.806614 0.536167 0.248795 0.125051 0.090732 0.699029 0.716339 0.156853 0.0 0.0
43.05 0.806614 0.536167 0.248795 0.125051 0.090732 0.699029 0.716339 0.156853 0.0 0.0
44.01 0.854494 0.327104 0.403539 0.915742 0.660541 1.283097 0.306784 0.879461 0.0 0.0
44.02 0.854494 0.327104 0.403539 0.915742 0.660541 1.283097 0.306784 0.879461 0.0 0.0
44.03 0.854494 0.327104 0.403539 0.915742 0.660541 1.283097 0.306784 0.879461 0.0 0.0
44.04 0.854494 0.327104 0.403539 0.915742 0.660541 1.283097 0.306784 0.879461 0.0 0.0
44.05 0.854494 0.327104 0.403539 0.915742 0.660541 1.283097 0.306784 0.879461 0.0 0.0
45.01 0.338917 0.695983 0.633043 0.781968 0.617402 0.540457 0.442268 0.682585 0.0 0.0
45.02 0.338917 0.695983 0.633043 0.781968 0.617402 0.540457 0.442268 0.682585 0.0 0.0
45.03 0.338917 0.695983 0.633043 0.781968 0.617402 0.540457 0.442268 0.682585 0.0 0.0
45.04 0.338917 0.695983 0.633043 0.781968 0.617402 0.540457 0.442268 0.682585 0.0 0.0
45.05 0.338917 0.695983 0.633043 0.781968 0.617402 0.540457 0.442268 0.682585 0.0 0.0
46.01 0.691046 0.515898 0.506265 1.135714 1.084528 1.039282 1.065361 0.581082 0.0 0.0
46.02 0.691046 0.515898 0.506265 1.135714 1.084528 1.039282 1.065361 0.581082 0.0 0.0
46.03 0.691046 0.515898 0.506265 1.135714 1.084528 1.039282 1.065361 0.581082 0.0 0.0
46.04 0.691046 0.515898 0.506265 1.135714 1.084528 1.039282 1.065361 0.581082 0.0 0.0
46.05 0.691046 0.515898 0.506265 1.135714 1.084528 1.039282 1.065361 0.581082 0.0 0.0
47.01 0.511273 0.804924 0.301159 0.422365 1.254020 1.363813 0.896119 1.312058 0.0 0.0
47.02 0.511273 0.804924 0.301159 0.422365 1.254020 1.363813 0.896119 1.312058 0.0 0.0
47.03 0.511273 0.804924 0.301159 0.422365 1.254020 1.363813 0.896119 1.312058 0.0 0.0
47.04 0.511273 0.804924 0.301159 0.422365 1.254020 1.363813 0.896119 1.312058 0.0 0.0
47.05 0.511273 0.804924 0.301159 0.422365 1.254020 1.363813 0.896119 1.312058 0.0 0.0
48.01 0.132192 0.671705 0.728929 0.391489 1.218514 0.039582 0.835448 1.294727 0.0 0.0
48.02 0.132192 0.671705 0.728929 0.391489 1.218514 0.039582 0.835448 1.294727 0.0 0.0
48.03 0.132192 0.671705 0.728929 0.391489 1.218514 0.039582 0.835448 1.294727 0.0 0.0
48.04 0.132192 0.671705 0.728929 0.391489 1.218514 0.039582 0.835448 1.294727 0.0 0.0
48.05 0.132192 0.671705 0.728929 0.391489 1.218514 0.039582 0.835448 1.294727 0.0 0.0
49.01 0.441349 0.781537 0.440922 1.008403 0.734712 0.053364 1.091788 1.263642 0.0 0.0
49.02 0.441349 0.781537 0.440922 1.008403 0.734712 0.053364 1.091788 1.263642 0.0 0.0
49.03 0.441349 0.781537 0.440922 1.008403 0.734712 0.053364 1.091788 1.263642 0.0 0.0
49.04 0.441349 0.781537 0.440922 1.008403 0.734712 0.053364 1.091788 1.263642 0.0 0.0
49.05 0.441349 0.781537 0.440922 1.008403 0.734712 0.053364 1.091788 1.263642 0.0 0.0
50.01 0.862529 0.010918 0.505890 0.877907 1.000426 0.212614 0.926820 0.446581 0.0 0.0
50.02 0.862529 0.010918 0.505890 0.877907 1.000426 0.212614 0.926820 0.446581 0.0 0.0
50.03 0.862529 0.010918 0.505890 0.877907 1.000426 0.212614 0.926820 0.446581 0.0 0.0
50.04 0.862529 0.010918 0.505890 0.877907 1.000426 0.212614 0.926820 0.446581 0.0 0.0
50.05 0.862529 0.010918 0.505890 0.877907 1.000426 0.212614 0.926820 0.446581 0.0 0.0
51.01 0.895793 0.145480 0.419988 0.996078 0.208818 0.386490 1.170341 0.612655 0.0 0.0
51.02 0.895793 0.145480 0.419988 0.996078 0.208818 0.386490 1.170341 0.612655 0.0 0.0
51.03 0.895793 0.145480 0.419988 0.996078 0.208818 0.386490 1.170341 0.612655 0.0 0.0
51.04 0.895793 0.145480 0.419988 0.996078 0.208818 0.386490 1.170341 0.612655 0.0 0.0
51.05 0.895793 0.145480 0.419988 0.996078 0.208818 0.386490 1.170341 0.612655 0.0 0.0
52.01 0.512853 0.424071 0.746422 1.315136 0.826301 1.287572 0.629629 0.284599 0.0 0.0
52.02 0.512853 0.424071 0.746422 1.315136 0.826301 1.287572 0.629629 0.284599 0.0 0.0
52.03 0.512853 0.424071 0.746422 1.315136 0.826301 1.287572 0.629629 0.284599 0.0 0.0
52.04 0.512853 0.424071 0.746422 1.315136 0.826301 1.287572 0.629629 0.284599 0.0 0.0
52.05 0.512853 0.424071 0.746422 1.315136 0.826301 1.287572 0.629629 0.284599 0.0 0.0
53.01 0.694766 0.573666 0.433830 1.406835 0.766785 0.576401 0.140183 1.324215 0.0 0.0
53.02 0.694766 0.573666 0.433830 1.406835 0.766785 0.576401 0.140183 1.324215 0.0 0.0
53.03 0.694766 0.573666 0.433830 1.406835 0.766785 0.576401 0.140183 1.324215 0.0 0.0
53.04 0.694766 0.573666 0.433830 1.406835 0.766785 0.576401 0.140183 1.324215 0.0 0.0
53.05 0.694766 0.573666 0.433830 1.406835 0.766785 0.576401 0.140183 1.324215 0.0 0.0
54.01 0.665731 0.516389 0.538651 1.332726 0.607365 1.043925 0.244929 1.521577 0.0 0.0
54.02 0.665731 0.516389 0.538651 1.332726 0.607365 1.043925 0.244929 1.521577 0.0 0.0
54.03 0.665731 0.516389 0.538651 1.332726 0.607365 1.043925 0.244929 1.521577 0.0 0.0
54.04 0.665731 0.516389 0.538651 1.332726 0.607365 1.043925 0.244929 1.521577 0.0 0.0
54.05 0.665731 0.516389 0.538651 1.332726 0.607365 1.043925 0.244929 1.521577 0.0 0.0
55.01 0.416310 0.607967 0.676064 0.302493 0.397108 0.511193 0.439688 0.292602 0.0 0.0
55.02 0.416310 0.607967 0.676064 0.302493 0.397108 0.511193 0.439688 0.292602 0.0 0.0
55.03 0.416310 0.607967 0.676064 0.302493 0.397108 0.511193 0.439688 0.292602 0.0 0.0
55.04 0.416310 0.607967 0.676064 0.302493 0.397108 0.511193 0.439688 0.292602 0.0 0.0
55.05 0.416310 0.607967 0.676064 0.302493 0.397108 0.511193 0.439688 0.292602 0.0 0.0
56.01 0.040105 0.993561 0.105958 0.505702 1.367576 0.631859 0.044241 0.378312 0.0 0.0
56.02 0.040105 0.993561 0.105958 0.505702 1.367576 0.631859 0.044241 0.378312 0.0 0.0
56.03 0.040105 0.993561 0.105958 0.505702 1.367576 0.631859 0.044241 0.378312 0.0 0.0
56.04 0.040105 0.993561 0.105958 0.505702 1.367576 0.631859 0.044241 0.378312 0.0 0.0
56.05 0.040105 0.993561 0.105958 0.505702 1.367576 0.631859 0.044241 0.378312 0.0 0.0
57.01 0.563174 0.299823 0.770027 0.873605 1.193793 1.380969 0.988229 0.738705 0.0 0.0
57.02 0.563174 0.299823 0.770027 0.873605 1.193793 1.380969 0.988229 0.738705 0.0 0.0
57.03 0.563174 0.299823 0.770027 0.873605 1.193793 1.380969 0.988229 0.738705 0.0 0.0
57.04 0.563174 0.299823 0.770027 0.873605 1.193793 1.380969 0.988229 0.738705 0.0 0.0
57.05 0.563174 0.299823 0.770027 0.873605 1.193793 1.380969 0.988229 0.738705 0.0 0.0
58.01 0.100970 0.271283 0.957189 0.867904 0.452586 0.036280 0.934028 0.796909 0.0 0.0
58.02 0.100970 0.271283 0.957189 0.867904 0.452586 0.036280 0.934028 0.796909 0.0 0.0
58.03 0.100970 0.271283 0.957189 0.867904 0.452586 0.036280 0.934028 0.796909 0.0 0.0
58.04 0.100970 0.271283 0.957189 0.867904 0.452586 0.036280 0.934028 0.796909 0.0 0.0
58.05 0.100970 0.271283 0.957189 0.867904 0.452586 0.036280 0.934028 0.796909 0.0 0.0
59.01 0.561349 0.467104 0.683155 0.127250 1.429339 0.654488 0.341184 0.025228 0.0 0.0
59.02 0.561349 0.467104 0.683155 0.127250 1.429339 0.654488 0.341184 0.025228 0.0 0.0
59.03 0.561349 0.467104 0.683155 0.127250 1.429339 0.654488 0.341184 0.025228 0.0 0.0
59.04 0.561349 0.467104 0.683155 0.127250 1.429339 0.654488 0.341184 0.025228 0.0 0.0
59.05 0.561349 0.467104 0.683155 0.127250 1.429339 0.654488 0.341184 0.025228 0.0 0.0
60.01 0.521129 0.186573 0.832836 0.568931 1.002779 0.449017 0.050204 1.185412 0.0 0.0
60.02 0.521129 0.186573 0.832836 0.568931 1.002779 0.449017 0.050204 1.185412 0.0 0.0
60.03 0.521129 0.186573 0.832836 0.568931 1.002779 0.449017 0.050204 1.185412 0.0 0.0
60.04 0.521129 0.186573 0.832836 0.568931 1.002779 0.449017 0.050204 1.185412 0.0 0.0
60.05 0.521129 0.186573 0.832836 0.568931 1.002779 0.449017 0.050204 1.185412 0.0 0.0
61.01 0.089562 0.771982 0.629303 1.105673 1.168336 1.097900 1.108149 1.445050 0.0 0.0
61.02 0.089562 0.771982 0.629303 1.105673 1.168336 1.097900 1.108149 1.445050 0.0 0.0
61.03 0.089562 0.771982 0.629303 1.105673 1.168336 1.097900 1.108149 1.445050 0.0 0.0
61.04 0.089562 0.771982 0.629303 1.105673 1.168336 1.097900 1.108149 1.445050 0.0 0.0
61.05 0.089562 0.771982 0.629303 1.105673 1.168336 1.097900 1.108149 1.445050 0.0 0.0
62.01 0.646175 0.573077 0.504024 0.386458 0.483310 0.884461 1.284092 1.488920 0.0 0.0
62.02 0.646175 0.573077 0.504024 0.386458 0.483310 0.884461 1.284092 1.488920 0.0 0.0
62.03 0.646175 0.573077 0.504024 0.386458 0.483310 0.884461 1.284092 1.488920 0.0 0.0
62.04 0.646175 0.573077 0.504024 0.386458 0.483310 0.884461 1.284092 1.488920 0.0 0.0
62.05 0.646175 0.573077 0.504024 0.386458 0.483310 0.884461 1.284092 1.488920 0.0 0.0
63.01 0.975796 0.209779 0.061770 0.463715 1.102028 0.175397 1.341956 0.780670 0.0 0.0
63.02 0.975796 0.209779 0.061770 0.463715 1.102028 0.175397 1.341956 0.780670 0.0 0.0
63.03 0.975796 0.209779 0.061770 0.463715 1.102028 0.175397 1.341956 0.780670 0.0 0.0
63.04 0.975796 0.209779 0.061770 0.463715 1.102028 0.175397 1.341956 0.780670 0.0 0.0
63.05 0.975796 0.209779 0.061770 0.463715 1.102028 0.175397 1.341956 0.780670 0.0 0.0
64.01 0.390212 0.549523 0.738755 0.570333 0.325365 0.138274 1.263975 0.190585 0.0 0.0
64.02 0.390212 0.549523 0.738755 0.570333 0.325365 0.138274 1.263975 0.190585 0.0 0.0
64.03 0.390212 0.549523 0.738755 0.570333 0.325365 0.138274 1.263975 0.190585 0.0 0.0
64.04 0.390212 0.549523 0.738755 0.570333 0.325365 0.138274 1.263975 0.190585 0.0 0.0
64.05 0.390212 0.549523 0.738755 0.570333 0.325365 0.138274 1.263975 0.190585 0.0 0.0
65.01 0.732300 0.311098 0.605768 0.795405 0.446327 0.461614 0.670737 1.153475 0.0 0.0
65.02 0.732300 0.311098 0.605768 0.795405 0.446327 0.461614 0.670737 1.153475 0.0 0.0
65.03 0.732300 0.311098 0.605768 0.795405 0.446327 0.461614 0.670737 1.153475 0.0 0.0
65.04 0.732300 0.311098 0.605768 0.795405 0.446327 0.461614 0.670737 1.153475 0.0 0.0
65.05 0.732300 0.311098 0.605768 0.795405 0.446327 0.461614 0.670737 1.153475 0.0 0.0
66.01 0.438491 0.660386 0.609603 0.273621 0.484461 0.052685 0.220486 0.202339 0.0 0.0
66.02 0.438491 0.660386 0.609603 0.273621 0.484461 0.052685 0.220486 0.202339 0.0 0.0
66.03 0.438491 0.660386 0.609603 0.273621 0.484461 0.052685 0.220486 0.202339 0.0 0.0
66.04 0.438491 0.660386 0.609603 0.273621 0.484461 0.052685 0.220486 0.202339 0.0 0.0
66.05 0.438491 0.660386 0.609603 0.273621 0.484461 0.052685 0.220486 0.202339 0.0 0.0
67.01 0.492573 0.593871 0.636151 0.404631 0.097180 1.523606 0.216193 1.276176 0.0 0.0
67.02 0.492573 0.593871 0.636151 0.404631 0.097180 1.523606 0.216193 1.276176 0.0 0.0
67.03 0.492573 0.593871 0.636151 0.404631 0.097180 1.523606 0.216193 1.276176 0.0 0.0
67.04 0.492573 0.593871 0.636151 0.404631 0.097180 1.523606 0.216193 1.276176 0.0 0.0
67.05 0.492573 0.593871 0.636151 0.404631 0.097180 1.523606 0.216193 1.276176 0.0 0.0
68.01 0.633350 0.657423 0.408245 1.034269 0.873038 0.821041 1.401885 0.735559 0.0 0.0
68.02 0.633350 0.657423 0.408245 1.034269 0.873038 0.821041 1.401885 0.735559 0.0 0.0
68.03 0.633350 0.657423 0.408245 1.034269 0.873038 0.821041 1.401885 0.735559 0.0 0.0
68.04 0.633350 0.657423 0.408245 1.034269 0.873038 0.821041 1.401885 0.735559 0.0 0.0
68.05 0.633350 0.657423 0.408245 1.034269 0.873038 0.821041 1.401885 0.735559 0.0 0.0
69.01 0.612430 0.774571 0.158016 0.898200 0.587401 1.516011 0.831076 1.464550 0.0 0.0
69.02 0.612430 0.774571 0.158016 0.898200 0.587401 1.516011 0.831076 1.464550 0.0 0.0
69.03 0.612430 0.774571 0.158016 0.898200 0.587401 1.516011 0.831076 1.464550 0.0 0.0
69.04 0.612430 0.774571 0.158016 0.898200 0.587401 1.516011 0.831076 1.464550 0.0 0.0
69.05 0.612430 0.774571 0.158016 0.898200 0.587401 1.516011 0.831076 1.464550 0.0 0.0
70.01 0.339152 0.936850 0.085365 1.400755 0.847405 0.402510 0.086778 1.268534 0.0 0.0
70.02 0.339152 0.936850 0.085365 1.400755 0.847405 0.402510 0.086778 1.268534 0.0 0.0
70.03 0.339152 0.936850 0.085365 1.400755 0.847405 0.402510 0.086778 1.268534 0.0 0.0
70.04 0.339152 0.936850 0.085365 1.400755 0.847405 0.402510 0.086778 1.268534 0.0 0.0
70.05 0.339152 0.936850 0.085365 1.400755 0.847405 0.402510 0.086778 1.268534 0.0 0.0
71.01 0.445654 0.882240 0.151805 1.430173 1.235573 0.095333 1.031798 1.177210 0.0 0.0
71.02 0.445654 0.882240 0.151805 1.430173 1.235573 0.095333 1.031798 1.177210 0.0 0.0
71.03 0.445654 0.882240 0.151805 1.430173 1.235573 0.095333 1.031798 1.177210 0.0 0.0
71.04 0.445654 0.882240 0.151805 1.430173 1.235573 0.095333 1.031798 1.177210 0.0 0.0
71.05 0.445654 0.882240 0.151805 1.430173 1.235573 0.095333 1.031798 1.177210 0.0 0.0
72.01 0.418267 0.517075 0.746784 0.041720 1.504556 0.374627 0.254262 1.198830 0.0 0.0
72.02 0.418267 0.517075 0.746784 0.041720 1.504556 0.374627 0.254262 1.198830 0.0 0.0
72.03 0.418267 0.517075 0.746784 0.041720 1.504556 0.374627 0.254262 1.198830 0.0 0.0
72.04 0.418267 0.517075 0.746784 0.041720 1.504556 0.374627 0.254262 1.198830 0.0 0.0
72.05 0.418267 0.517075 0.746784 0.041720 1.504556 0.374627 0.254262 1.198830 0.0 0.0
73.01 0.450621 0.464390 0.762419 0.636966 0.396293 1.273789 0.979821 1.150409 0.0 0.0
73.02 0.450621 0.464390 0.762419 0.636966 0.396293 1.273789 0.979821 1.150409 0.0 0.0
73.03 0.450621 0.464390 0.762419 0.636966 0.396293 1.273789 0.979821 1.150409 0.0 0.0
73.04 0.450621 0.464390 0.762419 0.636966 0.396293 1.273789 0.979821 1.150409 0.0 0.0
73.05 0.450621 0.464390 0.762419 0.636966 0.396293 1.273789 0.979821 1.150409 0.0 0.0
74.01 0.561801 0.450777 0.693671 1.545878 1.348734 0.749002 0.234262 1.558672 0.0 0.0
74.02 0.561801 0.450777 0.693671 1.545878 1.348734 0.749002 0.234262 1.558672 0.0 0.0
74.03 0.561801 0.450777 0.693671 1.545878 1.348734 0.749002 0.234262 1.558672 0.0 0.0
74.04 0.561801 0.450777 0.693671 1.545878 1.348734 0.749002 0.234262 1.558672 0.0 0.0
74.05 0.561801 0.450777 0.693671 1.545878 1.348734 0.749002 0.234262 1.558672 0.0 0.0
75.01 0.879208 0.329242 0.344373 1.041510 0.457896 0.612596 1.363240 1.204229 0.0 0.0
75.02 0.879208 0.329242 0.344373 1.041510 0.457896 0.612596 1.363240 1.204229 0.0 0.0
75.03 0.879208 0.329242 0.344373 1.041510 0.457896 0.612596 1.363240 1.204229 0.0 0.0
75.04 0.879208 0.329242 0.344373 1.041510 0.457896 0.612596 1.363240 1.204229 0.0 0.0
75.05 0.879208 0.329242 0.344373 1.041510 0.457896 0.612596 1.363240 1.204229 0.0 0.0
76.01 0.254511 0.838761 0.481357 0.888530 1.308075 0.492959 1.371902 1.388164 0.0 0.0
76.02 0.254511 0.838761 0.481357 0.888530 1.308075 0.492959 1.371902 1.388164 0.0 0.0
76.03 0.254511 0.838761 0.481357 0.888530 1.308075 0.492959 1.371902 1.388164 0.0 0.0
76.04 0.254511 0.838761 0.481357 0.888530 1.308075 0.492959 1.371902 1.388164 0.0 0.0
76.05 0.254511 0.838761 0.481357 0.888530 1.308075 0.492959 1.371902 1.388164 0.0 0.0
77.01 0.805386 0.592208 0.025343 0.662269 1.399777 0.007467 1.538261 1.530787 0.0 0.0
77.02 0.805386 0.592208 0.025343 0.662269 1.399777 0.007467 1.538261 1.530787 0.0 0.0
77.03 0.805386 0.592208 0.025343 0.662269 1.399777 0.007467 1.538261 1.530787 0.0 0.0
77.04 0.805386 0.592208 0.025343 0.662269 1.399777 0.007467 1.538261 1.530787 0.0 0.0
77.05 0.805386 0.592208 0.025343 0.662269 1.399777 0.007467 1.538261 1.530787 0.0 0.0
78.01 0.532101 0.810051 0.246344 1.541345 0.957461 1.457325 0.382571 1.269582 0.0 0.0
78.02 0.532101 0.810051 0.246344 1.541345 0.957461 1.457325 0.382571 1.269582 0.0 0.0
78.03 0.532101 0.810051 0.246344 1.541345 0.957461 1.457325 0.382571 1.269582 0.0 0.0
78.04 0.532101 0.810051 0.246344 1.541345 0.957461 1.457325 0.382571 1.269582 0.0 0.0
78.05 0.532101 0.810051 0.246344 1.541345 0.957461 1.457325 0.382571 1.269582 0.0 0.0
79.01 0.704760 0.463051 0.537492 0.716575 1.255315 1.291628 0.974821 0.329238 0.0 0.0
79.02 0.704760 0.463051 0.537492 0.716575 1.255315 1.291628 0.974821 0.329238 0.0 0.0
79.03 0.704760 0.463051 0.537492 0.716575 1.255315 1.291628 0.974821 0.329238 0.0 0.0
79.04 0.704760 0.463051 0.537492 0.716575 1.255315 1.291628 0.974821 0.329238 0.0 0.0
79.05 0.704760 0.463051 0.537492 0.716575 1.255315 1.291628 0.974821 0.329238 0.0 0.0
80.01 0.756709 0.344740 0.555468 0.679128 0.663005 1.513854 0.796204 1.464488 0.0 0.0
80.02 0.756709 0.344740 0.555468 0.679128 0.663005 1.513854 0.796204 1.464488 0.0 0.0
80.03 0.756709 0.344740 0.555468 0.679128 0.663005 1.513854 0.796204 1.464488 0.0 0.0
80.04 0.756709 0.344740 0.555468 0.679128 0.663005 1.513854 0.796204 1.464488 0.0 0.0
80.05 0.756709 0.344740 0.555468 0.679128 0.663005 1.513854 0.796204 1.464488 0.0 0.0
81.01 0.596293 0.341537 0.726489 0.582562 1.080757 1.488857 0.484645 1.218514 0.0 0.0
81.02 0.596293 0.341537 0.726489 0.582562 1.080757 1.488857 0.484645 1.218514 0.0 0.0
81.03 0.596293 0.341537 0.726489 0.582562 1.080757 1.488857 0.484645 1.218514 0.0 0.0
81.04 0.596293 0.341537 0.726489 0.582562 1.080757 1.488857 0.484645 1.218514 0.0 0.0
81.05 0.596293 0.341537 0.726489 0.582562 1.080757 1.488857 0.484645 1.218514 0.0 0.0
82.01 0.641164 0.244793 0.727314 0.564030 1.135062 0.174719 0.952282 1.062787 0.0 0.0
82.02 0.641164 0.244793 0.727314 0.564030 1.135062 0.174719 0.952282 1.062787 0.0 0.0
82.03 0.641164 0.244793 0.727314 0.564030 1.135062 0.174719 0.952282 1.062787 0.0 0.0
82.04 0.641164 0.244793 0.727314 0.564030 1.135062 0.174719 0.952282 1.062787 0.0 0.0
82.05 0.641164 0.244793 0.727314 0.564030 1.135062 0.174719 0.952282 1.062787 0.0 0.0
83.01 0.809474 0.119640 0.574837 0.057664 0.423979 1.380747 1.352851 1.420038 0.0 0.0
83.02 0.809474 0.119640 0.574837 0.057664 0.423979 1.380747 1.352851 1.420038 0.0 0.0
83.03 0.809474 0.119640 0.574837 0.057664 0.423979 1.380747 1.352851 1.420038 0.0 0.0
83.04 0.809474 0.119640 0.574837 0.057664 0.423979 1.380747 1.352851 1.420038 0.0 0.0
83.05 0.809474 0.119640 0.574837 0.057664 0.423979 1.380747 1.352851 1.420038 0.0 0.0
84.01 0.765447 0.012995 0.643368 0.220572 0.576822 0.643877 0.578071 1.097789 0.0 0.0
84.02 0.765447 0.012995 0.643368 0.220572 0.576822 0.643877 0.578071 1.097789 0.0 0.0
84.03 0.765447 0.012995 0.643368 0.220572 0.576822 0.643877 0.578071 1.097789 0.0 0.0
84.04 0.765447 0.012995 0.643368 0.220572 0.576822 0.643877 0.578071 1.097789 0.0 0.0
84.05 0.765447 0.012995 0.643368 0.220572 0.576822 0.643877 0.578071 1.097789 0.0 0.0
85.01 0.548829 0.021732 0.835652 0.437148 1.488678 1.224497 0.180447 1.497360 0.0 0.0
85.02 0.548829 0.021732 0.835652 0.437148 1.488678 1.224497 0.180447 1.497360 0.0 0.0
85.03 0.548829 0.021732 0.835652 0.437148 1.488678 1.224497 0.180447 1.497360 0.0 0.0
85.04 0.548829 0.021732 0.835652 0.437148 1.488678 1.224497 0.180447 1.497360 0.0 0.0
85.05 0.548829 0.021732 0.835652 0.437148 1.488678 1.224497 0.180447 1.497360 0.0 0.0
86.01 0.632925 0.542301 0.552554 0.254383 1.489114 0.622502 0.118659 0.547176 0.0 0.0
86.02 0.632925 0.542301 0.552554 0.254383 1.489114 0.622502 0.118659 0.547176 0.0 0.0
86.03 0.632925 0.542301 0.552554 0.254383 1.489114 0.622502 0.118659 0.547176 0.0 0.0
86.04 0.632925 0.542301 0.552554 0.254383 1.489114 0.622502 0.118659 0.547176 0.0 0.0
86.05 0.632925 0.542301 0.552554 0.254383 1.489114 0.622502 0.118659 0.547176 0.0 0.0
87.01 0.634222 0.577974 0.513526 0.131570 1.285762 0.726049 0.356986 0.408964 0.0 0.0
87.02 0.634222 0.577974 0.513526 0.131570 1.285762 0.726049 0.356986 0.408964 0.0 0.0
87.03 0.634222 0.577974 0.513526 0.131570 1.285762 0.726049 0.356986 0.408964 0.0 0.0
87.04 0.634222 0.577974 0.513526 0.131570 1.285762 0.726049 0.356986 0.408964 0.0 0.0
87.05 0.634222 0.577974 0.513526 0.131570 1.285762 0.726049 0.356986 0.408964 0.0 0.0
88.01 0.702661 0.547172 0.454830 0.502970 0.909969 0.824809 1.352563 0.430432 0.0 0.0
88.02 0.702661 0.547172 0.454830 0.502970 0.909969 0.824809 1.352563 0.430432 0.0 0.0
88.03 0.702661 0.547172 0.454830 0.502970 0.909969 0.824809 1.352563 0.430432 0.0 0.0
88.04 0.702661 0.547172 0.454830 0.502970 0.909969 0.824809 1.352563 0.430432 0.0 0.0
88.05 0.702661 0.547172 0.454830 0.502970 0.909969 0.824809 1.352563 0.430432 0.0 0.0
89.01 0.152795 0.975150 0.160424 0.445136 1.250975 0.338419 0.034125 0.913745 0.0 0.0
89.02 0.152795 0.975150 0.160424 0.445136 1.250975 0.338419 0.034125 0.913745 0.0 0.0
89.03 0.152795 0.975150 0.160424 0.445136 1.250975 0.338419 0.034125 0.913745 0.0 0.0
89.04 0.152795 0.975150 0.160424 0.445136 1.250975 0.338419 0.034125 0.913745 0.0 0.0
89.05 0.152795 0.975150 0.160424 0.445136 1.250975 0.338419 0.034125 0.913745 0.0 0.0
