0.01 0.028116 0.381826 0.923806 0.565945 1.566764 0.337333 1.227087 1.550360 0.0 0.0
0.02 0.028116 0.381826 0.923806 0.565945 1.566764 0.337333 1.227087 1.550360 0.0 0.0
0.03 0.028116 0.381826 0.923806 0.565945 1.566764 0.337333 1.227087 1.550360 0.0 0.0
0.04 0.028116 0.381826 0.923806 0.565945 1.566764 0.337333 1.227087 1.550360 0.0 0.0
0.05 0.028116 0.381826 0.923806 0.565945 1.566764 0.337333 1.227087 1.550360 0.0 0.0
1.01 0.023864 0.363974 0.931103 0.571264 1.442681 0.304390 1.268007 1.347622 0.0 0.0
1.02 0.023864 0.363974 0.931103 0.571264 1.442681 0.304390 1.268007 1.347622 0.0 0.0
1.03 0.023864 0.363974 0.931103 0.571264 1.442681 0.304390 1.268007 1.347622 0.0 0.0
1.04 0.023864 0.363974 0.931103 0.571264 1.442681 0.304390 1.268007 1.347622 0.0 0.0
1.05 0.023864 0.363974 0.931103 0.571264 1.442681 0.304390 1.268007 1.347622 0.0 0.0
2.01 0.026672 0.336687 0.941239 0.529879 1.518675 0.302686 1.350114 1.476081 0.0 0.0
2.02 0.026672 0.336687 0.941239 0.529879 1.518675 0.302686 1.350114 1.476081 0.0 0.0
2.03 0.026672 0.336687 0.941239 0.529879 1.518675 0.302686 1.350114 1.476081 0.0 0.0
2.04 0.026672 0.336687 0.941239 0.529879 1.518675 0.302686 1.350114 1.476081 0.0 0.0
2.05 0.026672 0.336687 0.941239 0.529879 1.518675 0.302686 1.350114 1.476081 0.0 0.0
3.01 0.028357 0.349273 0.936592 0.543454 1.474802 0.336982 1.181889 1.625050 0.0 0.0
3.02 0.028357 0.349273 0.936592 0.543454 1.474802 0.336982 1.181889 1.625050 0.0 0.0
3.03 0.028357 0.349273 0.936592 0.543454 1.474802 0.336982 1.181889 1.625050 0.0 0.0
3.04 0.028357 0.349273 0.936592 0.543454 1.474802 0.336982 1.181889 1.625050 0.0 0.0
3.05 0.028357 0.349273 0.936592 0.543454 1.474802 0.336982 1.181889 1.625050 0.0 0.0
4.01 0.026291 0.381578 0.923963 0.547208 1.695786 0.314290 1.304794 1.635999 0.0 0.0
4.02 0.026291 0.381578 0.923963 0.547208 1.695786 0.314290 1.304794 1.635999 0.0 0.0
4.03 0.026291 0.381578 0.923963 0.547208 1.695786 0.314290 1.304794 1.635999 0.0 0.0
4.04 0.026291 0.381578 0.923963 0.547208 1.695786 0.314290 1.304794 1.635999 0.0 0.0
4.05 0.026291 0.381578 0.923963 0.547208 1.695786 0.314290 1.304794 1.635999 0.0 0.0
5.01 0.031511 0.419973 0.906989 0.500234 1.506170 0.343016 1.358518 1.418271 0.0 0.0
5.02 0.031511 0.419973 0.906989 0.500234 1.506170 0.343016 1.358518 1.418271 0.0 0.0
5.03 0.031511 0.419973 0.906989 0.500234 1.506170 0.343016 1.358518 1.418271 0.0 0.0
5.04 0.031511 0.419973 0.906989 0.500234 1.506170 0.343016 1.358518 1.418271 0.0 0.0
5.05 0.031511 0.419973 0.906989 0.500234 1.506170 0.343016 1.358518 1.418271 0.0 0.0
6.01 0.027077 0.346071 0.937818 0.505440 1.617164 0.326125 1.269969 1.548296 0.0 0.0
6.02 0.027077 0.346071 0.937818 0.505440 1.617164 0.326125 1.269969 1.548296 0.0 0.0
6.03 0.027077 0.346071 0.937818 0.505440 1.617164 0.326125 1.269969 1.548296 0.0 0.0
6.04 0.027077 0.346071 0.937818 0.505440 1.617164 0.326125 1.269969 1.548296 0.0 0.0
6.05 0.027077 0.346071 0.937818 0.505440 1.617164 0.326125 1.269969 1.548296 0.0 0.0
7.01 0.024852 0.366795 0.929970 0.495579 1.607138 0.338185 1.305566 1.426075 0.0 0.0
7.02 0.024852 0.366795 0.929970 0.495579 1.607138 0.338185 1.305566 1.426075 0.0 0.0
7.03 0.024852 0.366795 0.929970 0.495579 1.607138 0.338185 1.305566 1.426075 0.0 0.0
7.04 0.024852 0.366795 0.929970 0.495579 1.607138 0.338185 1.305566 1.426075 0.0 0.0
7.05 0.024852 0.366795 0.929970 0.495579 1.607138 0.338185 1.305566 1.426075 0.0 0.0
8.01 0.023939 0.356290 0.934069 0.539922 1.660337 0.306786 1.379852 1.532794 0.0 0.0
8.02 0.023939 0.356290 0.934069 0.539922 1.660337 0.306786 1.379852 1.532794 0.0 0.0
8.03 0.023939 0.356290 0.934069 0.539922 1.660337 0.306786 1.379852 1.532794 0.0 0.0
8.04 0.023939 0.356290 0.934069 0.539922 1.660337 0.306786 1.379852 1.532794 0.0 0.0
8.05 0.023939 0.356290 0.934069 0.539922 1.660337 0.306786 1.379852 1.532794 0.0 0.0
9.01 0.026076 0.395650 0.918031 0.509718 1.708561 0.341543 1.371866 1.485927 0.0 0.0
9.02 0.026076 0.395650 0.918031 0.509718 1.708561 0.341543 1.371866 1.485927 0.0 0.0
9.03 0.026076 0.395650 0.918031 0.509718 1.708561 0.341543 1.371866 1.485927 0.0 0.0
9.04 0.026076 0.395650 0.918031 0.509718 1.708561 0.341543 1.371866 1.485927 0.0 0.0
9.05 0.026076 0.395650 0.918031 0.509718 1.708561 0.341543 1.371866 1.485927 0.0 0.0
10.01 0.027593 0.398897 0.916581 0.508821 1.665968 0.324238 1.376358 1.454855 0.0 0.0
10.02 0.027593 0.398897 0.916581 0.508821 1.665968 0.324238 1.376358 1.454855 0.0 0.0
10.03 0.027593 0.398897 0.916581 0.508821 1.665968 0.324238 1.376358 1.454855 0.0 0.0
10.04 0.027593 0.398897 0.916581 0.508821 1.665968 0.324238 1.376358 1.454855 0.0 0.0
10.05 0.027593 0.398897 0.916581 0.508821 1.665968 0.324238 1.376358 1.454855 0.0 0.0
11.01 0.030159 0.402265 0.915027 0.505282 1.670949 0.353495 1.353024 1.522290 0.0 0.0
11.02 0.030159 0.402265 0.915027 0.505282 1.670949 0.353495 1.353024 1.522290 0.0 0.0
11.03 0.030159 0.402265 0.915027 0.505282 1.670949 0.353495 1.353024 1.522290 0.0 0.0
11.04 0.030159 0.402265 0.915027 0.505282 1.670949 0.353495 1.353024 1.522290 0.0 0.0
11.05 0.030159 0.402265 0.915027 0.505282 1.670949 0.353495 1.353024 1.522290 0.0 0.0
12.01 0.029313 0.374753 0.926661 0.521087 1.548766 0.338808 1.163733 1.576806 0.0 0.0
12.02 0.029313 0.374753 0.926661 0.521087 1.548766 0.338808 1.163733 1.576806 0.0 0.0
12.03 0.029313 0.374753 0.926661 0.521087 1.548766 0.338808 1.163733 1.576806 0.0 0.0
12.04 0.029313 0.374753 0.926661 0.521087 1.548766 0.338808 1.163733 1.576806 0.0 0.0
12.05 0.029313 0.374753 0.926661 0.521087 1.548766 0.338808 1.163733 1.576806 0.0 0.0
13.01 0.025084 0.395547 0.918103 0.473648 1.640255 0.316947 1.212391 1.529123 0.0 0.0
13.02 0.025084 0.395547 0.918103 0.473648 1.640255 0.316947 1.212391 1.529123 0.0 0.0
13.03 0.025084 0.395547 0.918103 0.473648 1.640255 0.316947 1.212391 1.529123 0.0 0.0
13.04 0.025084 0.395547 0.918103 0.473648 1.640255 0.316947 1.212391 1.529123 0.0 0.0
13.05 0.025084 0.395547 0.918103 0.473648 1.640255 0.316947 1.212391 1.529123 0.0 0.0
14.01 0.030446 0.390143 0.920251 0.572633 1.412219 0.323907 1.170250 1.539000 0.0 0.0
14.02 0.030446 0.390143 0.920251 0.572633 1.412219 0.323907 1.170250 1.539000 0.0 0.0
14.03 0.030446 0.390143 0.920251 0.572633 1.412219 0.323907 1.170250 1.539000 0.0 0.0
14.04 0.030446 0.390143 0.920251 0.572633 1.412219 0.323907 1.170250 1.539000 0.0 0.0
14.05 0.030446 0.390143 0.920251 0.572633 1.412219 0.323907 1.170250 1.539000 0.0 0.0
15.01 0.025500 0.373559 0.927256 0.532768 1.560816 0.326111 1.348316 1.439925 0.0 0.0
15.02 0.025500 0.373559 0.927256 0.532768 1.560816 0.326111 1.348316 1.439925 0.0 0.0
15.03 0.025500 0.373559 0.927256 0.532768 1.560816 0.326111 1.348316 1.439925 0.0 0.0
15.04 0.025500 0.373559 0.927256 0.532768 1.560816 0.326111 1.348316 1.439925 0.0 0.0
15.05 0.025500 0.373559 0.927256 0.532768 1.560816 0.326111 1.348316 1.439925 0.0 0.0
16.01 0.031021 0.451772 0.891594 0.513683 1.463506 0.334966 1.201058 1.416821 0.0 0.0
16.02 0.031021 0.451772 0.891594 0.513683 1.463506 0.334966 1.201058 1.416821 0.0 0.0
16.03 0.031021 0.451772 0.891594 0.513683 1.463506 0.334966 1.201058 1.416821 0.0 0.0
16.04 0.031021 0.451772 0.891594 0.513683 1.463506 0.334966 1.201058 1.416821 0.0 0.0
16.05 0.031021 0.451772 0.891594 0.513683 1.463506 0.334966 1.201058 1.416821 0.0 0.0
17.01 0.029774 0.421478 0.906350 0.551205 1.533631 0.344194 1.160195 1.499893 0.0 0.0
17.02 0.029774 0.421478 0.906350 0.551205 1.533631 0.344194 1.160195 1.499893 0.0 0.0
17.03 0.029774 0.421478 0.906350 0.551205 1.533631 0.344194 1.160195 1.499893 0.0 0.0
17.04 0.029774 0.421478 0.906350 0.551205 1.533631 0.344194 1.160195 1.499893 0.0 0.0
17.05 0.029774 0.421478 0.906350 0.551205 1.533631 0.344194 1.160195 1.499893 0.0 0.0
18.01 0.027545 0.389483 0.920622 0.526115 1.663759 0.306861 1.192266 1.547973 0.0 0.0
18.02 0.027545 0.389483 0.920622 0.526115 1.663759 0.306861 1.192266 1.547973 0.0 0.0
18.03 0.027545 0.389483 0.920622 0.526115 1.663759 0.306861 1.192266 1.547973 0.0 0.0
18.04 0.027545 0.389483 0.920622 0.526115 1.663759 0.306861 1.192266 1.547973 0.0 0.0
18.05 0.027545 0.389483 0.920622 0.526115 1.663759 0.306861 1.192266 1.547973 0.0 0.0
19.01 0.028530 0.400090 0.916032 0.506717 1.662224 0.291734 1.321677 1.550356 0.0 0.0
19.02 0.028530 0.400090 0.916032 0.506717 1.662224 0.291734 1.321677 1.550356 0.0 0.0
19.03 0.028530 0.400090 0.916032 0.506717 1.662224 0.291734 1.321677 1.550356 0.0 0.0
19.04 0.028530 0.400090 0.916032 0.506717 1.662224 0.291734 1.321677 1.550356 0.0 0.0
19.05 0.028530 0.400090 0.916032 0.506717 1.662224 0.291734 1.321677 1.550356 0.0 0.0
20.01 0.029798 0.409564 0.911795 0.526998 1.472991 0.326795 1.322117 1.579225 0.0 0.0
20.02 0.029798 0.409564 0.911795 0.526998 1.472991 0.326795 1.322117 1.579225 0.0 0.0
20.03 0.029798 0.409564 0.911795 0.526998 1.472991 0.326795 1.322117 1.579225 0.0 0.0
20.04 0.029798 0.409564 0.911795 0.526998 1.472991 0.326795 1.322117 1.579225 0.0 0.0
20.05 0.029798 0.409564 0.911795 0.526998 1.472991 0.326795 1.322117 1.579225 0.0 0.0
21.01 0.025397 0.365157 0.930600 0.561693 1.499859 0.349349 1.291946 1.489053 0.0 0.0
21.02 0.025397 0.365157 0.930600 0.561693 1.499859 0.349349 1.291946 1.489053 0.0 0.0
21.03 0.025397 0.365157 0.930600 0.561693 1.499859 0.349349 1.291946 1.489053 0.0 0.0
21.04 0.025397 0.365157 0.930600 0.561693 1.499859 0.349349 1.291946 1.489053 0.0 0.0
21.05 0.025397 0.365157 0.930600 0.561693 1.499859 0.349349 1.291946 1.489053 0.0 0.0
22.01 0.027791 0.406653 0.913160 0.562714 1.550594 0.312871 1.252725 1.633136 0.0 0.0
22.02 0.027791 0.406653 0.913160 0.562714 1.550594 0.312871 1.252725 1.633136 0.0 0.0
22.03 0.027791 0.406653 0.913160 0.562714 1.550594 0.312871 1.252725 1.633136 0.0 0.0
22.04 0.027791 0.406653 0.913160 0.562714 1.550594 0.312871 1.252725 1.633136 0.0 0.0
22.05 0.027791 0.406653 0.913160 0.562714 1.550594 0.312871 1.252725 1.633136 0.0 0.0
23.01 0.028452 0.375286 0.926472 0.497070 1.598285 0.326385 1.323947 1.437021 0.0 0.0
23.02 0.028452 0.375286 0.926472 0.497070 1.598285 0.326385 1.323947 1.437021 0.0 0.0
23.03 0.028452 0.375286 0.926472 0.497070 1.598285 0.326385 1.323947 1.437021 0.0 0.0
23.04 0.028452 0.375286 0.926472 0.497070 1.598285 0.326385 1.323947 1.437021 0.0 0.0
23.05 0.028452 0.375286 0.926472 0.497070 1.598285 0.326385 1.323947 1.437021 0.0 0.0
24.01 0.029987 0.409458 0.911836 0.497440 1.483439 0.341343 1.244626 1.349646 0.0 0.0
24.02 0.029987 0.409458 0.911836 0.497440 1.483439 0.341343 1.244626 1.349646 0.0 0.0
24.03 0.029987 0.409458 0.911836 0.497440 1.483439 0.341343 1.244626 1.349646 0.0 0.0
24.04 0.029987 0.409458 0.911836 0.497440 1.483439 0.341343 1.244626 1.349646 0.0 0.0
24.05 0.029987 0.409458 0.911836 0.497440 1.483439 0.341343 1.244626 1.349646 0.0 0.0
25.01 0.026429 0.381729 0.923896 0.479922 1.433189 0.313988 1.202066 1.585531 0.0 0.0
25.02 0.026429 0.381729 0.923896 0.479922 1.433189 0.313988 1.202066 1.585531 0.0 0.0
25.03 0.026429 0.381729 0.923896 0.479922 1.433189 0.313988 1.202066 1.585531 0.0 0.0
25.04 0.026429 0.381729 0.923896 0.479922 1.433189 0.313988 1.202066 1.585531 0.0 0.0
25.05 0.026429 0.381729 0.923896 0.479922 1.433189 0.313988 1.202066 1.585531 0.0 0.0
26.01 0.027020 0.395856 0.917915 0.541447 1.572540 0.345484 1.164753 1.620607 0.0 0.0
26.02 0.027020 0.395856 0.917915 0.541447 1.572540 0.345484 1.164753 1.620607 0.0 0.0
26.03 0.027020 0.395856 0.917915 0.541447 1.572540 0.345484 1.164753 1.620607 0.0 0.0
26.04 0.027020 0.395856 0.917915 0.541447 1.572540 0.345484 1.164753 1.620607 0.0 0.0
26.05 0.027020 0.395856 0.917915 0.541447 1.572540 0.345484 1.164753 1.620607 0.0 0.0
27.01 0.026188 0.330686 0.943377 0.572917 1.623179 0.310548 1.358443 1.604865 0.0 0.0
27.02 0.026188 0.330686 0.943377 0.572917 1.623179 0.310548 1.358443 1.604865 0.0 0.0
27.03 0.026188 0.330686 0.943377 0.572917 1.623179 0.310548 1.358443 1.604865 0.0 0.0
27.04 0.026188 0.330686 0.943377 0.572917 1.623179 0.310548 1.358443 1.604865 0.0 0.0
27.05 0.026188 0.330686 0.943377 0.572917 1.623179 0.310548 1.358443 1.604865 0.0 0.0
28.01 0.024600 0.390069 0.920457 0.480052 1.585244 0.325051 1.283924 1.462613 0.0 0.0
28.02 0.024600 0.390069 0.920457 0.480052 1.585244 0.325051 1.283924 1.462613 0.0 0.0
28.03 0.024600 0.390069 0.920457 0.480052 1.585244 0.325051 1.283924 1.462613 0.0 0.0
28.04 0.024600 0.390069 0.920457 0.480052 1.585244 0.325051 1.283924 1.462613 0.0 0.0
28.05 0.024600 0.390069 0.920457 0.480052 1.585244 0.325051 1.283924 1.462613 0.0 0.0
29.01 0.027828 0.381458 0.923967 0.539753 1.598101 0.336076 1.170369 1.603365 0.0 0.0
29.02 0.027828 0.381458 0.923967 0.539753 1.598101 0.336076 1.170369 1.603365 0.0 0.0
29.03 0.027828 0.381458 0.923967 0.539753 1.598101 0.336076 1.170369 1.603365 0.0 0.0
29.04 0.027828 0.381458 0.923967 0.539753 1.598101 0.336076 1.170369 1.603365 0.0 0.0
29.05 0.027828 0.381458 0.923967 0.539753 1.598101 0.336076 1.170369 1.603365 0.0 0.0
30.01 0.200313 0.711946 0.673058 0.354758 1.278452 0.075819 0.054272 1.442334 0.0 0.0
30.02 0.200313 0.711946 0.673058 0.354758 1.278452 0.075819 0.054272 1.442334 0.0 0.0
30.03 0.200313 0.711946 0.673058 0.354758 1.278452 0.075819 0.054272 1.442334 0.0 0.0
30.04 0.200313 0.711946 0.673058 0.354758 1.278452 0.075819 0.054272 1.442334 0.0 0.0
30.05 0.200313 0.711946 0.673058 0.354758 1.278452 0.075819 0.054272 1.442334 0.0 0.0
31.01 0.220116 0.681725 0.697711 0.323635 1.144959 0.069497 0.054355 1.229899 0.0 0.0
31.02 0.220116 0.681725 0.697711 0.323635 1.144959 0.069497 0.054355 1.229899 0.0 0.0
31.03 0.220116 0.681725 0.697711 0.323635 1.144959 0.069497 0.054355 1.229899 0.0 0.0
31.04 0.220116 0.681725 0.697711 0.323635 1.144959 0.069497 0.054355 1.229899 0.0 0.0
31.05 0.220116 0.681725 0.697711 0.323635 1.144959 0.069497 0.054355 1.229899 0.0 0.0
32.01 0.246499 0.659996 0.709679 0.378059 1.299888 0.076251 0.058902 1.314069 0.0 0.0
32.02 0.246499 0.659996 0.709679 0.378059 1.299888 0.076251 0.058902 1.314069 0.0 0.0
32.03 0.246499 0.659996 0.709679 0.378059 1.299888 0.076251 0.058902 1.314069 0.0 0.0
32.04 0.246499 0.659996 0.709679 0.378059 1.299888 0.076251 0.058902 1.314069 0.0 0.0
32.05 0.246499 0.659996 0.709679 0.378059 1.299888 0.076251 0.058902 1.314069 0.0 0.0
33.01 0.219061 0.683553 0.696252 0.369848 1.070429 0.073925 0.057505 1.341705 0.0 0.0
33.02 0.219061 0.683553 0.696252 0.369848 1.070429 0.073925 0.057505 1.341705 0.0 0.0
33.03 0.219061 0.683553 0.696252 0.369848 1.070429 0.073925 0.057505 1.341705 0.0 0.0
33.04 0.219061 0.683553 0.696252 0.369848 1.070429 0.073925 0.057505 1.341705 0.0 0.0
33.05 0.219061 0.683553 0.696252 0.369848 1.070429 0.073925 0.057505 1.341705 0.0 0.0
34.01 0.240851 0.679354 0.693159 0.390237 1.232291 0.068036 0.060580 1.258111 0.0 0.0
34.02 0.240851 0.679354 0.693159 0.390237 1.232291 0.068036 0.060580 1.258111 0.0 0.0
34.03 0.240851 0.679354 0.693159 0.390237 1.232291 0.068036 0.060580 1.258111 0.0 0.0
34.04 0.240851 0.679354 0.693159 0.390237 1.232291 0.068036 0.060580 1.258111 0.0 0.0
34.05 0.240851 0.679354 0.693159 0.390237 1.232291 0.068036 0.060580 1.258111 0.0 0.0
35.01 0.250691 0.646663 0.720403 0.364634 1.156828 0.073362 0.051351 1.427377 0.0 0.0
35.02 0.250691 0.646663 0.720403 0.364634 1.156828 0.073362 0.051351 1.427377 0.0 0.0
35.03 0.250691 0.646663 0.720403 0.364634 1.156828 0.073362 0.051351 1.427377 0.0 0.0
35.04 0.250691 0.646663 0.720403 0.364634 1.156828 0.073362 0.051351 1.427377 0.0 0.0
35.05 0.250691 0.646663 0.720403 0.364634 1.156828 0.073362 0.051351 1.427377 0.0 0.0
36.01 0.240094 0.654576 0.716858 0.378658 1.156734 0.067999 0.055435 1.314805 0.0 0.0
36.02 0.240094 0.654576 0.716858 0.378658 1.156734 0.067999 0.055435 1.314805 0.0 0.0
36.03 0.240094 0.654576 0.716858 0.378658 1.156734 0.067999 0.055435 1.314805 0.0 0.0
36.04 0.240094 0.654576 0.716858 0.378658 1.156734 0.067999 0.055435 1.314805 0.0 0.0
36.05 0.240094 0.654576 0.716858 0.378658 1.156734 0.067999 0.055435 1.314805 0.0 0.0
37.01 0.229171 0.685607 0.690958 0.358476 1.250510 0.070593 0.058697 1.486346 0.0 0.0
37.02 0.229171 0.685607 0.690958 0.358476 1.250510 0.070593 0.058697 1.486346 0.0 0.0
37.03 0.229171 0.685607 0.690958 0.358476 1.250510 0.070593 0.058697 1.486346 0.0 0.0
37.04 0.229171 0.685607 0.690958 0.358476 1.250510 0.070593 0.058697 1.486346 0.0 0.0
37.05 0.229171 0.685607 0.690958 0.358476 1.250510 0.070593 0.058697 1.486346 0.0 0.0
38.01 0.254568 0.704151 0.662847 0.381945 1.115238 0.072935 0.052660 1.443948 0.0 0.0
38.02 0.254568 0.704151 0.662847 0.381945 1.115238 0.072935 0.052660 1.443948 0.0 0.0
38.03 0.254568 0.704151 0.662847 0.381945 1.115238 0.072935 0.052660 1.443948 0.0 0.0
38.04 0.254568 0.704151 0.662847 0.381945 1.115238 0.072935 0.052660 1.443948 0.0 0.0
38.05 0.254568 0.704151 0.662847 0.381945 1.115238 0.072935 0.052660 1.443948 0.0 0.0
39.01 0.245359 0.724559 0.644060 0.354002 1.227690 0.074685 0.059288 1.295708 0.0 0.0
39.02 0.245359 0.724559 0.644060 0.354002 1.227690 0.074685 0.059288 1.295708 0.0 0.0
39.03 0.245359 0.724559 0.644060 0.354002 1.227690 0.074685 0.059288 1.295708 0.0 0.0
39.04 0.245359 0.724559 0.644060 0.354002 1.227690 0.074685 0.059288 1.295708 0.0 0.0
39.05 0.245359 0.724559 0.644060 0.354002 1.227690 0.074685 0.059288 1.295708 0.0 0.0
40.01 0.250081 0.687149 0.682118 0.326396 1.175100 0.075642 0.061686 1.430325 0.0 0.0
40.02 0.250081 0.687149 0.682118 0.326396 1.175100 0.075642 0.061686 1.430325 0.0 0.0
40.03 0.250081 0.687149 0.682118 0.326396 1.175100 0.075642 0.061686 1.430325 0.0 0.0
40.04 0.250081 0.687149 0.682118 0.326396 1.175100 0.075642 0.061686 1.430325 0.0 0.0
40.05 0.250081 0.687149 0.682118 0.326396 1.175100 0.075642 0.061686 1.430325 0.0 0.0
41.01 0.223833 0.715338 0.661960 0.324677 1.127597 0.073710 0.052839 1.311315 0.0 0.0
41.02 0.223833 0.715338 0.661960 0.324677 1.127597 0.073710 0.052839 1.311315 0.0 0.0
41.03 0.223833 0.715338 0.661960 0.324677 1.127597 0.073710 0.052839 1.311315 0.0 0.0
41.04 0.223833 0.715338 0.661960 0.324677 1.127597 0.073710 0.052839 1.311315 0.0 0.0
41.05 0.223833 0.715338 0.661960 0.324677 1.127597 0.073710 0.052839 1.311315 0.0 0.0
42.01 0.249506 0.732195 0.633748 0.349115 1.302251 0.074417 0.056145 1.375848 0.0 0.0
42.02 0.249506 0.732195 0.633748 0.349115 1.302251 0.074417 0.056145 1.375848 0.0 0.0
42.03 0.249506 0.732195 0.633748 0.349115 1.302251 0.074417 0.056145 1.375848 0.0 0.0
42.04 0.249506 0.732195 0.633748 0.349115 1.302251 0.074417 0.056145 1.375848 0.0 0.0
42.05 0.249506 0.732195 0.633748 0.349115 1.302251 0.074417 0.056145 1.375848 0.0 0.0
43.01 0.231770 0.676200 0.699311 0.340928 1.152847 0.071022 0.052821 1.449882 0.0 0.0
43.02 0.231770 0.676200 0.699311 0.340928 1.152847 0.071022 0.052821 1.449882 0.0 0.0
43.03 0.231770 0.676200 0.699311 0.340928 1.152847 0.071022 0.052821 1.449882 0.0 0.0
43.04 0.231770 0.676200 0.699311 0.340928 1.152847 0.071022 0.052821 1.449882 0.0 0.0
43.05 0.231770 0.676200 0.699311 0.340928 1.152847 0.071022 0.052821 1.449882 0.0 0.0
44.01 0.243980 0.731485 0.636713 0.326916 1.072898 0.071350 0.051228 1.448191 0.0 0.0
44.02 0.243980 0.731485 0.636713 0.326916 1.072898 0.071350 0.051228 1.448191 0.0 0.0
44.03 0.243980 0.731485 0.636713 0.326916 1.072898 0.071350 0.051228 1.448191 0.0 0.0
44.04 0.243980 0.731485 0.636713 0.326916 1.072898 0.071350 0.051228 1.448191 0.0 0.0
44.05 0.243980 0.731485 0.636713 0.326916 1.072898 0.071350 0.051228 1.448191 0.0 0.0
45.01 0.250181 0.707688 0.660748 0.356662 1.132682 0.074135 0.061866 1.352676 0.0 0.0
45.02 0.250181 0.707688 0.660748 0.356662 1.132682 0.074135 0.061866 1.352676 0.0 0.0
45.03 0.250181 0.707688 0.660748 0.356662 1.132682 0.074135 0.061866 1.352676 0.0 0.0
45.04 0.250181 0.707688 0.660748 0.356662 1.132682 0.074135 0.061866 1.352676 0.0 0.0
45.05 0.250181 0.707688 0.660748 0.356662 1.132682 0.074135 0.061866 1.352676 0.0 0.0
46.01 0.223966 0.710256 0.667365 0.332833 1.294601 0.065865 0.060939 1.225949 0.0 0.0
46.02 0.223966 0.710256 0.667365 0.332833 1.294601 0.065865 0.060939 1.225949 0.0 0.0
46.03 0.223966 0.710256 0.667365 0.332833 1.294601 0.065865 0.060939 1.225949 0.0 0.0
46.04 0.223966 0.710256 0.667365 0.332833 1.294601 0.065865 0.060939 1.225949 0.0 0.0
46.05 0.223966 0.710256 0.667365 0.332833 1.294601 0.065865 0.060939 1.225949 0.0 0.0
47.01 0.204231 0.704221 0.679973 0.365656 1.274766 0.073014 0.054244 1.413008 0.0 0.0
47.02 0.204231 0.704221 0.679973 0.365656 1.274766 0.073014 0.054244 1.413008 0.0 0.0
47.03 0.204231 0.704221 0.679973 0.365656 1.274766 0.073014 0.054244 1.413008 0.0 0.0
47.04 0.204231 0.704221 0.679973 0.365656 1.274766 0.073014 0.054244 1.413008 0.0 0.0
47.05 0.204231 0.704221 0.679973 0.365656 1.274766 0.073014 0.054244 1.413008 0.0 0.0
48.01 0.264219 0.667932 0.695741 0.322291 1.265914 0.074867 0.058126 1.338535 0.0 0.0
48.02 0.264219 0.667932 0.695741 0.322291 1.265914 0.074867 0.058126 1.338535 0.0 0.0
48.03 0.264219 0.667932 0.695741 0.322291 1.265914 0.074867 0.058126 1.338535 0.0 0.0
48.04 0.264219 0.667932 0.695741 0.322291 1.265914 0.074867 0.058126 1.338535 0.0 0.0
48.05 0.264219 0.667932 0.695741 0.322291 1.265914 0.074867 0.058126 1.338535 0.0 0.0
49.01 0.230021 0.696293 0.679902 0.344925 1.282796 0.069939 0.054353 1.266745 0.0 0.0
49.02 0.230021 0.696293 0.679902 0.344925 1.282796 0.069939 0.054353 1.266745 0.0 0.0
49.03 0.230021 0.696293 0.679902 0.344925 1.282796 0.069939 0.054353 1.266745 0.0 0.0
49.04 0.230021 0.696293 0.679902 0.344925 1.282796 0.069939 0.054353 1.266745 0.0 0.0
49.05 0.230021 0.696293 0.679902 0.344925 1.282796 0.069939 0.054353 1.266745 0.0 0.0
50.01 0.256444 0.709079 0.656843 0.337518 1.223908 0.066297 0.054373 1.383934 0.0 0.0
50.02 0.256444 0.709079 0.656843 0.337518 1.223908 0.066297 0.054373 1.383934 0.0 0.0
50.03 0.256444 0.709079 0.656843 0.337518 1.223908 0.066297 0.054373 1.383934 0.0 0.0
50.04 0.256444 0.709079 0.656843 0.337518 1.223908 0.066297 0.054373 1.383934 0.0 0.0
50.05 0.256444 0.709079 0.656843 0.337518 1.223908 0.066297 0.054373 1.383934 0.0 0.0
51.01 0.224917 0.657648 0.718965 0.361628 1.210170 0.069948 0.057832 1.263987 0.0 0.0
51.02 0.224917 0.657648 0.718965 0.361628 1.210170 0.069948 0.057832 1.263987 0.0 0.0
51.03 0.224917 0.657648 0.718965 0.361628 1.210170 0.069948 0.057832 1.263987 0.0 0.0
51.04 0.224917 0.657648 0.718965 0.361628 1.210170 0.069948 0.057832 1.263987 0.0 0.0
51.05 0.224917 0.657648 0.718965 0.361628 1.210170 0.069948 0.057832 1.263987 0.0 0.0
52.01 0.214765 0.694510 0.686682 0.344962 1.257462 0.076513 0.053776 1.459661 0.0 0.0
52.02 0.214765 0.694510 0.686682 0.344962 1.257462 0.076513 0.053776 1.459661 0.0 0.0
52.03 0.214765 0.694510 0.686682 0.344962 1.257462 0.076513 0.053776 1.459661 0.0 0.0
52.04 0.214765 0.694510 0.686682 0.344962 1.257462 0.076513 0.053776 1.459661 0.0 0.0
52.05 0.214765 0.694510 0.686682 0.344962 1.257462 0.076513 0.053776 1.459661 0.0 0.0
53.01 0.242453 0.717219 0.653309 0.371121 1.270815 0.070266 0.055120 1.403782 0.0 0.0
53.02 0.242453 0.717219 0.653309 0.371121 1.270815 0.070266 0.055120 1.403782 0.0 0.0
53.03 0.242453 0.717219 0.653309 0.371121 1.270815 0.070266 0.055120 1.403782 0.0 0.0
53.04 0.242453 0.717219 0.653309 0.371121 1.270815 0.070266 0.055120 1.403782 0.0 0.0
53.05 0.242453 0.717219 0.653309 0.371121 1.270815 0.070266 0.055120 1.403782 0.0 0.0
54.01 0.221539 0.645955 0.730522 0.338498 1.219382 0.075713 0.052589 1.272206 0.0 0.0
54.02 0.221539 0.645955 0.730522 0.338498 1.219382 0.075713 0.052589 1.272206 0.0 0.0
54.03 0.221539 0.645955 0.730522 0.338498 1.219382 0.075713 0.052589 1.272206 0.0 0.0
54.04 0.221539 0.645955 0.730522 0.338498 1.219382 0.075713 0.052589 1.272206 0.0 0.0
54.05 0.221539 0.645955 0.730522 0.338498 1.219382 0.075713 0.052589 1.272206 0.0 0.0
55.01 0.210568 0.732068 0.647871 0.368997 1.159003 0.069520 0.057497 1.317839 0.0 0.0
55.02 0.210568 0.732068 0.647871 0.368997 1.159003 0.069520 0.057497 1.317839 0.0 0.0
55.03 0.210568 0.732068 0.647871 0.368997 1.159003 0.069520 0.057497 1.317839 0.0 0.0
55.04 0.210568 0.732068 0.647871 0.368997 1.159003 0.069520 0.057497 1.317839 0.0 0.0
55.05 0.210568 0.732068 0.647871 0.368997 1.159003 0.069520 0.057497 1.317839 0.0 0.0
56.01 0.256324 0.680324 0.686627 0.380060 1.230954 0.072353 0.056215 1.457247 0.0 0.0
56.02 0.256324 0.680324 0.686627 0.380060 1.230954 0.072353 0.056215 1.457247 0.0 0.0
56.03 0.256324 0.680324 0.686627 0.380060 1.230954 0.072353 0.056215 1.457247 0.0 0.0
56.04 0.256324 0.680324 0.686627 0.380060 1.230954 0.072353 0.056215 1.457247 0.0 0.0
56.05 0.256324 0.680324 0.686627 0.380060 1.230954 0.072353 0.056215 1.457247 0.0 0.0
57.01 0.232792 0.684612 0.690735 0.353464 1.079811 0.073748 0.055667 1.291668 0.0 0.0
57.02 0.232792 0.684612 0.690735 0.353464 1.079811 0.073748 0.055667 1.291668 0.0 0.0
57.03 0.232792 0.684612 0.690735 0.353464 1.079811 0.073748 0.055667 1.291668 0.0 0.0
57.04 0.232792 0.684612 0.690735 0.353464 1.079811 0.073748 0.055667 1.291668 0.0 0.0
57.05 0.232792 0.684612 0.690735 0.353464 1.079811 0.073748 0.055667 1.291668 0.0 0.0
58.01 0.221635 0.671974 0.706632 0.369417 1.245384 0.076328 0.057639 1.423547 0.0 0.0
58.02 0.221635 0.671974 0.706632 0.369417 1.245384 0.076328 0.057639 1.423547 0.0 0.0
58.03 0.221635 0.671974 0.706632 0.369417 1.245384 0.076328 0.057639 1.423547 0.0 0.0
58.04 0.221635 0.671974 0.706632 0.369417 1.245384 0.076328 0.057639 1.423547 0.0 0.0
58.05 0.221635 0.671974 0.706632 0.369417 1.245384 0.076328 0.057639 1.423547 0.0 0.0
59.01 0.229287 0.729088 0.644871 0.370897 1.220885 0.072647 0.054090 1.478961 0.0 0.0
59.02 0.229287 0.729088 0.644871 0.370897 1.220885 0.072647 0.054090 1.478961 0.0 0.0
59.03 0.229287 0.729088 0.644871 0.370897 1.220885 0.072647 0.054090 1.478961 0.0 0.0
59.04 0.229287 0.729088 0.644871 0.370897 1.220885 0.072647 0.054090 1.478961 0.0 0.0
59.05 0.229287 0.729088 0.644871 0.370897 1.220885 0.072647 0.054090 1.478961 0.0 0.0
60.01 0.704282 0.619780 0.346207 1.282199 1.133498 1.207592 0.976471 0.027332 0.0 0.0
60.02 0.704282 0.619780 0.346207 1.282199 1.133498 1.207592 0.976471 0.027332 0.0 0.0
60.03 0.704282 0.619780 0.346207 1.282199 1.133498 1.207592 0.976471 0.027332 0.0 0.0
60.04 0.704282 0.619780 0.346207 1.282199 1.133498 1.207592 0.976471 0.027332 0.0 0.0
60.05 0.704282 0.619780 0.346207 1.282199 1.133498 1.207592 0.976471 0.027332 0.0 0.0
61.01 0.682081 0.650710 0.333678 1.298422 1.027966 1.203931 0.928153 0.028899 0.0 0.0
61.02 0.682081 0.650710 0.333678 1.298422 1.027966 1.203931 0.928153 0.028899 0.0 0.0
61.03 0.682081 0.650710 0.333678 1.298422 1.027966 1.203931 0.928153 0.028899 0.0 0.0
61.04 0.682081 0.650710 0.333678 1.298422 1.027966 1.203931 0.928153 0.028899 0.0 0.0
61.05 0.682081 0.650710 0.333678 1.298422 1.027966 1.203931 0.928153 0.028899 0.0 0.0
62.01 0.668159 0.646413 0.368393 1.151449 1.135080 1.326700 0.837148 0.027497 0.0 0.0
62.02 0.668159 0.646413 0.368393 1.151449 1.135080 1.326700 0.837148 0.027497 0.0 0.0
62.03 0.668159 0.646413 0.368393 1.151449 1.135080 1.326700 0.837148 0.027497 0.0 0.0
62.04 0.668159 0.646413 0.368393 1.151449 1.135080 1.326700 0.837148 0.027497 0.0 0.0
62.05 0.668159 0.646413 0.368393 1.151449 1.135080 1.326700 0.837148 0.027497 0.0 0.0
63.01 0.688411 0.656169 0.309082 1.197894 1.015123 1.372794 0.879882 0.028077 0.0 0.0
63.02 0.688411 0.656169 0.309082 1.197894 1.015123 1.372794 0.879882 0.028077 0.0 0.0
63.03 0.688411 0.656169 0.309082 1.197894 1.015123 1.372794 0.879882 0.028077 0.0 0.0
63.04 0.688411 0.656169 0.309082 1.197894 1.015123 1.372794 0.879882 0.028077 0.0 0.0
63.05 0.688411 0.656169 0.309082 1.197894 1.015123 1.372794 0.879882 0.028077 0.0 0.0
64.01 0.739355 0.593144 0.318646 1.279068 1.068955 1.188409 0.944294 0.030146 0.0 0.0
64.02 0.739355 0.593144 0.318646 1.279068 1.068955 1.188409 0.944294 0.030146 0.0 0.0
64.03 0.739355 0.593144 0.318646 1.279068 1.068955 1.188409 0.944294 0.030146 0.0 0.0
64.04 0.739355 0.593144 0.318646 1.279068 1.068955 1.188409 0.944294 0.030146 0.0 0.0
64.05 0.739355 0.593144 0.318646 1.279068 1.068955 1.188409 0.944294 0.030146 0.0 0.0
65.01 0.651815 0.681014 0.333703 1.279898 1.151570 1.234566 0.842084 0.026647 0.0 0.0
65.02 0.651815 0.681014 0.333703 1.279898 1.151570 1.234566 0.842084 0.026647 0.0 0.0
65.03 0.651815 0.681014 0.333703 1.279898 1.151570 1.234566 0.842084 0.026647 0.0 0.0
65.04 0.651815 0.681014 0.333703 1.279898 1.151570 1.234566 0.842084 0.026647 0.0 0.0
65.05 0.651815 0.681014 0.333703 1.279898 1.151570 1.234566 0.842084 0.026647 0.0 0.0
66.01 0.698788 0.649657 0.299402 1.108055 1.124258 1.210534 0.898392 0.029337 0.0 0.0
66.02 0.698788 0.649657 0.299402 1.108055 1.124258 1.210534 0.898392 0.029337 0.0 0.0
66.03 0.698788 0.649657 0.299402 1.108055 1.124258 1.210534 0.898392 0.029337 0.0 0.0
66.04 0.698788 0.649657 0.299402 1.108055 1.124258 1.210534 0.898392 0.029337 0.0 0.0
66.05 0.698788 0.649657 0.299402 1.108055 1.124258 1.210534 0.898392 0.029337 0.0 0.0
67.01 0.687106 0.661239 0.301078 1.105045 1.102109 1.283132 0.921497 0.026415 0.0 0.0
67.02 0.687106 0.661239 0.301078 1.105045 1.102109 1.283132 0.921497 0.026415 0.0 0.0
67.03 0.687106 0.661239 0.301078 1.105045 1.102109 1.283132 0.921497 0.026415 0.0 0.0
67.04 0.687106 0.661239 0.301078 1.105045 1.102109 1.283132 0.921497 0.026415 0.0 0.0
67.05 0.687106 0.661239 0.301078 1.105045 1.102109 1.283132 0.921497 0.026415 0.0 0.0
68.01 0.682569 0.638812 0.354991 1.159399 1.102896 1.161608 0.850083 0.027223 0.0 0.0
68.02 0.682569 0.638812 0.354991 1.159399 1.102896 1.161608 0.850083 0.027223 0.0 0.0
68.03 0.682569 0.638812 0.354991 1.159399 1.102896 1.161608 0.850083 0.027223 0.0 0.0
68.04 0.682569 0.638812 0.354991 1.159399 1.102896 1.161608 0.850083 0.027223 0.0 0.0
68.05 0.682569 0.638812 0.354991 1.159399 1.102896 1.161608 0.850083 0.027223 0.0 0.0
69.01 0.634099 0.705688 0.316107 1.137827 1.013429 1.376260 0.858827 0.027275 0.0 0.0
69.02 0.634099 0.705688 0.316107 1.137827 1.013429 1.376260 0.858827 0.027275 0.0 0.0
69.03 0.634099 0.705688 0.316107 1.137827 1.013429 1.376260 0.858827 0.027275 0.0 0.0
69.04 0.634099 0.705688 0.316107 1.137827 1.013429 1.376260 0.858827 0.027275 0.0 0.0
69.05 0.634099 0.705688 0.316107 1.137827 1.013429 1.376260 0.858827 0.027275 0.0 0.0
70.01 0.690412 0.661394 0.293070 1.157650 1.169469 1.215409 0.830133 0.030698 0.0 0.0
70.02 0.690412 0.661394 0.293070 1.157650 1.169469 1.215409 0.830133 0.030698 0.0 0.0
70.03 0.690412 0.661394 0.293070 1.157650 1.169469 1.215409 0.830133 0.030698 0.0 0.0
70.04 0.690412 0.661394 0.293070 1.157650 1.169469 1.215409 0.830133 0.030698 0.0 0.0
70.05 0.690412 0.661394 0.293070 1.157650 1.169469 1.215409 0.830133 0.030698 0.0 0.0
71.01 0.650763 0.697056 0.301033 1.180047 1.002708 1.190774 0.861367 0.027518 0.0 0.0
71.02 0.650763 0.697056 0.301033 1.180047 1.002708 1.190774 0.861367 0.027518 0.0 0.0
71.03 0.650763 0.697056 0.301033 1.180047 1.002708 1.190774 0.861367 0.027518 0.0 0.0
71.04 0.650763 0.697056 0.301033 1.180047 1.002708 1.190774 0.861367 0.027518 0.0 0.0
71.05 0.650763 0.697056 0.301033 1.180047 1.002708 1.190774 0.861367 0.027518 0.0 0.0
72.01 0.663745 0.679295 0.313050 1.210787 1.044469 1.309989 0.925050 0.026361 0.0 0.0
72.02 0.663745 0.679295 0.313050 1.210787 1.044469 1.309989 0.925050 0.026361 0.0 0.0
72.03 0.663745 0.679295 0.313050 1.210787 1.044469 1.309989 0.925050 0.026361 0.0 0.0
72.04 0.663745 0.679295 0.313050 1.210787 1.044469 1.309989 0.925050 0.026361 0.0 0.0
72.05 0.663745 0.679295 0.313050 1.210787 1.044469 1.309989 0.925050 0.026361 0.0 0.0
73.01 0.698068 0.646900 0.306954 1.150678 1.114523 1.220164 0.899583 0.029285 0.0 0.0
73.02 0.698068 0.646900 0.306954 1.150678 1.114523 1.220164 0.899583 0.029285 0.0 0.0
73.03 0.698068 0.646900 0.306954 1.150678 1.114523 1.220164 0.899583 0.029285 0.0 0.0
73.04 0.698068 0.646900 0.306954 1.150678 1.114523 1.220164 0.899583 0.029285 0.0 0.0
73.05 0.698068 0.646900 0.306954 1.150678 1.114523 1.220164 0.899583 0.029285 0.0 0.0
74.01 0.668809 0.674651 0.312315 1.249555 1.011147 1.206528 0.977946 0.031285 0.0 0.0
74.02 0.668809 0.674651 0.312315 1.249555 1.011147 1.206528 0.977946 0.031285 0.0 0.0
74.03 0.668809 0.674651 0.312315 1.249555 1.011147 1.206528 0.977946 0.031285 0.0 0.0
74.04 0.668809 0.674651 0.312315 1.249555 1.011147 1.206528 0.977946 0.031285 0.0 0.0
74.05 0.668809 0.674651 0.312315 1.249555 1.011147 1.206528 0.977946 0.031285 0.0 0.0
75.01 0.716237 0.618784 0.322662 1.098239 1.144252 1.212552 0.952325 0.030726 0.0 0.0
75.02 0.716237 0.618784 0.322662 1.098239 1.144252 1.212552 0.952325 0.030726 0.0 0.0
75.03 0.716237 0.618784 0.322662 1.098239 1.144252 1.212552 0.952325 0.030726 0.0 0.0
75.04 0.716237 0.618784 0.322662 1.098239 1.144252 1.212552 0.952325 0.030726 0.0 0.0
75.05 0.716237 0.618784 0.322662 1.098239 1.144252 1.212552 0.952325 0.030726 0.0 0.0
76.01 0.664977 0.682272 0.303827 1.325264 1.097623 1.196898 0.949267 0.030068 0.0 0.0
76.02 0.664977 0.682272 0.303827 1.325264 1.097623 1.196898 0.949267 0.030068 0.0 0.0
76.03 0.664977 0.682272 0.303827 1.325264 1.097623 1.196898 0.949267 0.030068 0.0 0.0
76.04 0.664977 0.682272 0.303827 1.325264 1.097623 1.196898 0.949267 0.030068 0.0 0.0
76.05 0.664977 0.682272 0.303827 1.325264 1.097623 1.196898 0.949267 0.030068 0.0 0.0
77.01 0.708740 0.642306 0.291773 1.132801 1.190524 1.374535 0.884848 0.027619 0.0 0.0
77.02 0.708740 0.642306 0.291773 1.132801 1.190524 1.374535 0.884848 0.027619 0.0 0.0
77.03 0.708740 0.642306 0.291773 1.132801 1.190524 1.374535 0.884848 0.027619 0.0 0.0
77.04 0.708740 0.642306 0.291773 1.132801 1.190524 1.374535 0.884848 0.027619 0.0 0.0
77.05 0.708740 0.642306 0.291773 1.132801 1.190524 1.374535 0.884848 0.027619 0.0 0.0
78.01 0.707107 0.639293 0.302166 1.148392 1.186981 1.169934 0.909609 0.031284 0.0 0.0
78.02 0.707107 0.639293 0.302166 1.148392 1.186981 1.169934 0.909609 0.031284 0.0 0.0
78.03 0.707107 0.639293 0.302166 1.148392 1.186981 1.169934 0.909609 0.031284 0.0 0.0
78.04 0.707107 0.639293 0.302166 1.148392 1.186981 1.169934 0.909609 0.031284 0.0 0.0
78.05 0.707107 0.639293 0.302166 1.148392 1.186981 1.169934 0.909609 0.031284 0.0 0.0
79.01 0.688674 0.667751 0.282554 1.095198 1.109600 1.379602 0.931875 0.026279 0.0 0.0
79.02 0.688674 0.667751 0.282554 1.095198 1.109600 1.379602 0.931875 0.026279 0.0 0.0
79.03 0.688674 0.667751 0.282554 1.095198 1.109600 1.379602 0.931875 0.026279 0.0 0.0
79.04 0.688674 0.667751 0.282554 1.095198 1.109600 1.379602 0.931875 0.026279 0.0 0.0
79.05 0.688674 0.667751 0.282554 1.095198 1.109600 1.379602 0.931875 0.026279 0.0 0.0
80.01 0.714408 0.609496 0.343708 1.214231 1.160235 1.239717 0.979007 0.031323 0.0 0.0
80.02 0.714408 0.609496 0.343708 1.214231 1.160235 1.239717 0.979007 0.031323 0.0 0.0
80.03 0.714408 0.609496 0.343708 1.214231 1.160235 1.239717 0.979007 0.031323 0.0 0.0
80.04 0.714408 0.609496 0.343708 1.214231 1.160235 1.239717 0.979007 0.031323 0.0 0.0
80.05 0.714408 0.609496 0.343708 1.214231 1.160235 1.239717 0.979007 0.031323 0.0 0.0
81.01 0.696393 0.638316 0.328009 1.210194 1.142376 1.255724 0.879223 0.028696 0.0 0.0
81.02 0.696393 0.638316 0.328009 1.210194 1.142376 1.255724 0.879223 0.028696 0.0 0.0
81.03 0.696393 0.638316 0.328009 1.210194 1.142376 1.255724 0.879223 0.028696 0.0 0.0
81.04 0.696393 0.638316 0.328009 1.210194 1.142376 1.255724 0.879223 0.028696 0.0 0.0
81.05 0.696393 0.638316 0.328009 1.210194 1.142376 1.255724 0.879223 0.028696 0.0 0.0
82.01 0.723757 0.617905 0.307196 1.219859 1.026830 1.358278 0.855522 0.027962 0.0 0.0
82.02 0.723757 0.617905 0.307196 1.219859 1.026830 1.358278 0.855522 0.027962 0.0 0.0
82.03 0.723757 0.617905 0.307196 1.219859 1.026830 1.358278 0.855522 0.027962 0.0 0.0
82.04 0.723757 0.617905 0.307196 1.219859 1.026830 1.358278 0.855522 0.027962 0.0 0.0
82.05 0.723757 0.617905 0.307196 1.219859 1.026830 1.358278 0.855522 0.027962 0.0 0.0
83.01 0.709481 0.607061 0.357930 1.132303 1.200817 1.241791 0.969701 0.028758 0.0 0.0
83.02 0.709481 0.607061 0.357930 1.132303 1.200817 1.241791 0.969701 0.028758 0.0 0.0
83.03 0.709481 0.607061 0.357930 1.132303 1.200817 1.241791 0.969701 0.028758 0.0 0.0
83.04 0.709481 0.607061 0.357930 1.132303 1.200817 1.241791 0.969701 0.028758 0.0 0.0
83.05 0.709481 0.607061 0.357930 1.132303 1.200817 1.241791 0.969701 0.028758 0.0 0.0
84.01 0.699945 0.643643 0.309517 1.099566 1.088780 1.165503 0.815171 0.026529 0.0 0.0
84.02 0.699945 0.643643 0.309517 1.099566 1.088780 1.165503 0.815171 0.026529 0.0 0.0
84.03 0.699945 0.643643 0.309517 1.099566 1.088780 1.165503 0.815171 0.026529 0.0 0.0
84.04 0.699945 0.643643 0.309517 1.099566 1.088780 1.165503 0.815171 0.026529 0.0 0.0
84.05 0.699945 0.643643 0.309517 1.099566 1.088780 1.165503 0.815171 0.026529 0.0 0.0
85.01 0.718650 0.604908 0.342970 1.257596 0.991861 1.367600 0.907473 0.029509 0.0 0.0
85.02 0.718650 0.604908 0.342970 1.257596 0.991861 1.367600 0.907473 0.029509 0.0 0.0
85.03 0.718650 0.604908 0.342970 1.257596 0.991861 1.367600 0.907473 0.029509 0.0 0.0
85.04 0.718650 0.604908 0.342970 1.257596 0.991861 1.367600 0.907473 0.029509 0.0 0.0
85.05 0.718650 0.604908 0.342970 1.257596 0.991861 1.367600 0.907473 0.029509 0.0 0.0
86.01 0.696097 0.646496 0.312237 1.165476 1.207014 1.208041 0.879061 0.029728 0.0 0.0
86.02 0.696097 0.646496 0.312237 1.165476 1.207014 1.208041 0.879061 0.029728 0.0 0.0
86.03 0.696097 0.646496 0.312237 1.165476 1.207014 1.208041 0.879061 0.029728 0.0 0.0
86.04 0.696097 0.646496 0.312237 1.165476 1.207014 1.208041 0.879061 0.029728 0.0 0.0
86.05 0.696097 0.646496 0.312237 1.165476 1.207014 1.208041 0.879061 0.029728 0.0 0.0
87.01 0.670344 0.660340 0.338511 1.110513 0.996009 1.207227 0.817674 0.028586 0.0 0.0
87.02 0.670344 0.660340 0.338511 1.110513 0.996009 1.207227 0.817674 0.028586 0.0 0.0
87.03 0.670344 0.660340 0.338511 1.110513 0.996009 1.207227 0.817674 0.028586 0.0 0.0
87.04 0.670344 0.660340 0.338511 1.110513 0.996009 1.207227 0.817674 0.028586 0.0 0.0
87.05 0.670344 0.660340 0.338511 1.110513 0.996009 1.207227 0.817674 0.028586 0.0 0.0
88.01 0.685383 0.640867 0.345746 1.110417 1.073803 1.384201 0.982862 0.031274 0.0 0.0
88.02 0.685383 0.640867 0.345746 1.110417 1.073803 1.384201 0.982862 0.031274 0.0 0.0
88.03 0.685383 0.640867 0.345746 1.110417 1.073803 1.384201 0.982862 0.031274 0.0 0.0
88.04 0.685383 0.640867 0.345746 1.110417 1.073803 1.384201 0.982862 0.031274 0.0 0.0
88.05 0.685383 0.640867 0.345746 1.110417 1.073803 1.384201 0.982862 0.031274 0.0 0.0
89.01 0.690804 0.651748 0.313072 1.097343 1.036325 1.175369 0.864442 0.030526 0.0 0.0
89.02 0.690804 0.651748 0.313072 1.097343 1.036325 1.175369 0.864442 0.030526 0.0 0.0
89.03 0.690804 0.651748 0.313072 1.097343 1.036325 1.175369 0.864442 0.030526 0.0 0.0
89.04 0.690804 0.651748 0.313072 1.097343 1.036325 1.175369 0.864442 0.030526 0.0 0.0
89.05 0.690804 0.651748 0.313072 1.097343 1.036325 1.175369 0.864442 0.030526 0.0 0.0
