0.01 0.315067 0.375060 0.871816 1.490031 0.742110 0.751778 0.243602 0.482737 0.0 0.0
0.02 0.315067 0.375060 0.871816 1.490031 0.742110 0.751778 0.243602 0.482737 0.0 0.0
0.03 0.315067 0.375060 0.871816 1.490031 0.742110 0.751778 0.243602 0.482737 0.0 0.0
0.04 0.315067 0.375060 0.871816 1.490031 0.742110 0.751778 0.243602 0.482737 0.0 0.0
0.05 0.315067 0.375060 0.871816 1.490031 0.742110 0.751778 0.243602 0.482737 0.0 0.0
1.01 0.341214 0.316616 0.885058 1.327106 0.812874 0.708791 0.263509 0.419380 0.0 0.0
1.02 0.341214 0.316616 0.885058 1.327106 0.812874 0.708791 0.263509 0.419380 0.0 0.0
1.03 0.341214 0.316616 0.885058 1.327106 0.812874 0.708791 0.263509 0.419380 0.0 0.0
1.04 0.341214 0.316616 0.885058 1.327106 0.812874 0.708791 0.263509 0.419380 0.0 0.0
1.05 0.341214 0.316616 0.885058 1.327106 0.812874 0.708791 0.263509 0.419380 0.0 0.0
2.01 0.316337 0.325792 0.890949 1.347996 0.725566 0.795973 0.265822 0.414990 0.0 0.0
2.02 0.316337 0.325792 0.890949 1.347996 0.725566 0.795973 0.265822 0.414990 0.0 0.0
2.03 0.316337 0.325792 0.890949 1.347996 0.725566 0.795973 0.265822 0.414990 0.0 0.0
2.04 0.316337 0.325792 0.890949 1.347996 0.725566 0.795973 0.265822 0.414990 0.0 0.0
2.05 0.316337 0.325792 0.890949 1.347996 0.725566 0.795973 0.265822 0.414990 0.0 0.0
3.01 0.308653 0.355305 0.882322 1.547646 0.866830 0.676488 0.238305 0.481172 0.0 0.0
3.02 0.308653 0.355305 0.882322 1.547646 0.866830 0.676488 0.238305 0.481172 0.0 0.0
3.03 0.308653 0.355305 0.882322 1.547646 0.866830 0.676488 0.238305 0.481172 0.0 0.0
3.04 0.308653 0.355305 0.882322 1.547646 0.866830 0.676488 0.238305 0.481172 0.0 0.0
3.05 0.308653 0.355305 0.882322 1.547646 0.866830 0.676488 0.238305 0.481172 0.0 0.0
4.01 0.318825 0.319122 0.892475 1.441173 0.814906 0.659123 0.289024 0.479957 0.0 0.0
4.02 0.318825 0.319122 0.892475 1.441173 0.814906 0.659123 0.289024 0.479957 0.0 0.0
4.03 0.318825 0.319122 0.892475 1.441173 0.814906 0.659123 0.289024 0.479957 0.0 0.0
4.04 0.318825 0.319122 0.892475 1.441173 0.814906 0.659123 0.289024 0.479957 0.0 0.0
4.05 0.318825 0.319122 0.892475 1.441173 0.814906 0.659123 0.289024 0.479957 0.0 0.0
5.01 0.284591 0.347486 0.893455 1.552318 0.768203 0.702074 0.266312 0.455909 0.0 0.0
5.02 0.284591 0.347486 0.893455 1.552318 0.768203 0.702074 0.266312 0.455909 0.0 0.0
5.03 0.284591 0.347486 0.893455 1.552318 0.768203 0.702074 0.266312 0.455909 0.0 0.0
5.04 0.284591 0.347486 0.893455 1.552318 0.768203 0.702074 0.266312 0.455909 0.0 0.0
5.05 0.284591 0.347486 0.893455 1.552318 0.768203 0.702074 0.266312 0.455909 0.0 0.0
6.01 0.375385 0.356062 0.855749 1.439102 0.750875 0.749982 0.284708 0.430323 0.0 0.0
6.02 0.375385 0.356062 0.855749 1.439102 0.750875 0.749982 0.284708 0.430323 0.0 0.0
6.03 0.375385 0.356062 0.855749 1.439102 0.750875 0.749982 0.284708 0.430323 0.0 0.0
6.04 0.375385 0.356062 0.855749 1.439102 0.750875 0.749982 0.284708 0.430323 0.0 0.0
6.05 0.375385 0.356062 0.855749 1.439102 0.750875 0.749982 0.284708 0.430323 0.0 0.0
7.01 0.346941 0.335513 0.875821 1.407445 0.812378 0.744012 0.269325 0.446503 0.0 0.0
7.02 0.346941 0.335513 0.875821 1.407445 0.812378 0.744012 0.269325 0.446503 0.0 0.0
7.03 0.346941 0.335513 0.875821 1.407445 0.812378 0.744012 0.269325 0.446503 0.0 0.0
7.04 0.346941 0.335513 0.875821 1.407445 0.812378 0.744012 0.269325 0.446503 0.0 0.0
7.05 0.346941 0.335513 0.875821 1.407445 0.812378 0.744012 0.269325 0.446503 0.0 0.0
8.01 0.331704 0.379137 0.863845 1.558601 0.791264 0.703550 0.263861 0.436296 0.0 0.0
8.02 0.331704 0.379137 0.863845 1.558601 0.791264 0.703550 0.263861 0.436296 0.0 0.0
8.03 0.331704 0.379137 0.863845 1.558601 0.791264 0.703550 0.263861 0.436296 0.0 0.0
8.04 0.331704 0.379137 0.863845 1.558601 0.791264 0.703550 0.263861 0.436296 0.0 0.0
8.05 0.331704 0.379137 0.863845 1.558601 0.791264 0.703550 0.263861 0.436296 0.0 0.0
9.01 0.315231 0.340800 0.885711 1.436509 0.788561 0.798736 0.275399 0.446611 0.0 0.0
9.02 0.315231 0.340800 0.885711 1.436509 0.788561 0.798736 0.275399 0.446611 0.0 0.0
9.03 0.315231 0.340800 0.885711 1.436509 0.788561 0.798736 0.275399 0.446611 0.0 0.0
9.04 0.315231 0.340800 0.885711 1.436509 0.788561 0.798736 0.275399 0.446611 0.0 0.0
9.05 0.315231 0.340800 0.885711 1.436509 0.788561 0.798736 0.275399 0.446611 0.0 0.0
10.01 0.303431 0.336747 0.891365 1.413484 0.811526 0.661260 0.243919 0.435117 0.0 0.0
10.02 0.303431 0.336747 0.891365 1.413484 0.811526 0.661260 0.243919 0.435117 0.0 0.0
10.03 0.303431 0.336747 0.891365 1.413484 0.811526 0.661260 0.243919 0.435117 0.0 0.0
10.04 0.303431 0.336747 0.891365 1.413484 0.811526 0.661260 0.243919 0.435117 0.0 0.0
10.05 0.303431 0.336747 0.891365 1.413484 0.811526 0.661260 0.243919 0.435117 0.0 0.0
11.01 0.313383 0.373809 0.872959 1.448160 0.783217 0.749613 0.280650 0.477427 0.0 0.0
11.02 0.313383 0.373809 0.872959 1.448160 0.783217 0.749613 0.280650 0.477427 0.0 0.0
11.03 0.313383 0.373809 0.872959 1.448160 0.783217 0.749613 0.280650 0.477427 0.0 0.0
11.04 0.313383 0.373809 0.872959 1.448160 0.783217 0.749613 0.280650 0.477427 0.0 0.0
11.05 0.313383 0.373809 0.872959 1.448160 0.783217 0.749613 0.280650 0.477427 0.0 0.0
12.01 0.340828 0.355545 0.870301 1.280564 0.743399 0.780194 0.275405 0.463756 0.0 0.0
12.02 0.340828 0.355545 0.870301 1.280564 0.743399 0.780194 0.275405 0.463756 0.0 0.0
12.03 0.340828 0.355545 0.870301 1.280564 0.743399 0.780194 0.275405 0.463756 0.0 0.0
12.04 0.340828 0.355545 0.870301 1.280564 0.743399 0.780194 0.275405 0.463756 0.0 0.0
12.05 0.340828 0.355545 0.870301 1.280564 0.743399 0.780194 0.275405 0.463756 0.0 0.0
13.01 0.341586 0.377993 0.860489 1.508956 0.768994 0.717771 0.276629 0.467259 0.0 0.0
13.02 0.341586 0.377993 0.860489 1.508956 0.768994 0.717771 0.276629 0.467259 0.0 0.0
13.03 0.341586 0.377993 0.860489 1.508956 0.768994 0.717771 0.276629 0.467259 0.0 0.0
13.04 0.341586 0.377993 0.860489 1.508956 0.768994 0.717771 0.276629 0.467259 0.0 0.0
13.05 0.341586 0.377993 0.860489 1.508956 0.768994 0.717771 0.276629 0.467259 0.0 0.0
14.01 0.302528 0.331843 0.893508 1.459034 0.869604 0.717937 0.257443 0.452384 0.0 0.0
14.02 0.302528 0.331843 0.893508 1.459034 0.869604 0.717937 0.257443 0.452384 0.0 0.0
14.03 0.302528 0.331843 0.893508 1.459034 0.869604 0.717937 0.257443 0.452384 0.0 0.0
14.04 0.302528 0.331843 0.893508 1.459034 0.869604 0.717937 0.257443 0.452384 0.0 0.0
14.05 0.302528 0.331843 0.893508 1.459034 0.869604 0.717937 0.257443 0.452384 0.0 0.0
15.01 0.331284 0.370608 0.867699 1.353357 0.765986 0.774438 0.246437 0.445356 0.0 0.0
15.02 0.331284 0.370608 0.867699 1.353357 0.765986 0.774438 0.246437 0.445356 0.0 0.0
15.03 0.331284 0.370608 0.867699 1.353357 0.765986 0.774438 0.246437 0.445356 0.0 0.0
15.04 0.331284 0.370608 0.867699 1.353357 0.765986 0.774438 0.246437 0.445356 0.0 0.0
15.05 0.331284 0.370608 0.867699 1.353357 0.765986 0.774438 0.246437 0.445356 0.0 0.0
16.01 0.341212 0.379532 0.859959 1.457685 0.760987 0.710683 0.253925 0.457151 0.0 0.0
16.02 0.341212 0.379532 0.859959 1.457685 0.760987 0.710683 0.253925 0.457151 0.0 0.0
16.03 0.341212 0.379532 0.859959 1.457685 0.760987 0.710683 0.253925 0.457151 0.0 0.0
16.04 0.341212 0.379532 0.859959 1.457685 0.760987 0.710683 0.253925 0.457151 0.0 0.0
16.05 0.341212 0.379532 0.859959 1.457685 0.760987 0.710683 0.253925 0.457151 0.0 0.0
17.01 0.315999 0.324579 0.891512 1.533676 0.735013 0.768999 0.246288 0.435396 0.0 0.0
17.02 0.315999 0.324579 0.891512 1.533676 0.735013 0.768999 0.246288 0.435396 0.0 0.0
17.03 0.315999 0.324579 0.891512 1.533676 0.735013 0.768999 0.246288 0.435396 0.0 0.0
17.04 0.315999 0.324579 0.891512 1.533676 0.735013 0.768999 0.246288 0.435396 0.0 0.0
17.05 0.315999 0.324579 0.891512 1.533676 0.735013 0.768999 0.246288 0.435396 0.0 0.0
18.01 0.320904 0.375595 0.869453 1.376911 0.788157 0.752219 0.280068 0.422232 0.0 0.0
18.02 0.320904 0.375595 0.869453 1.376911 0.788157 0.752219 0.280068 0.422232 0.0 0.0
18.03 0.320904 0.375595 0.869453 1.376911 0.788157 0.752219 0.280068 0.422232 0.0 0.0
18.04 0.320904 0.375595 0.869453 1.376911 0.788157 0.752219 0.280068 0.422232 0.0 0.0
18.05 0.320904 0.375595 0.869453 1.376911 0.788157 0.752219 0.280068 0.422232 0.0 0.0
19.01 0.344275 0.332666 0.877957 1.347567 0.797472 0.711203 0.274334 0.411603 0.0 0.0
19.02 0.344275 0.332666 0.877957 1.347567 0.797472 0.711203 0.274334 0.411603 0.0 0.0
19.03 0.344275 0.332666 0.877957 1.347567 0.797472 0.711203 0.274334 0.411603 0.0 0.0
19.04 0.344275 0.332666 0.877957 1.347567 0.797472 0.711203 0.274334 0.411603 0.0 0.0
19.05 0.344275 0.332666 0.877957 1.347567 0.797472 0.711203 0.274334 0.411603 0.0 0.0
20.01 0.323883 0.377097 0.867697 1.417867 0.805195 0.681629 0.280193 0.441695 0.0 0.0
20.02 0.323883 0.377097 0.867697 1.417867 0.805195 0.681629 0.280193 0.441695 0.0 0.0
20.03 0.323883 0.377097 0.867697 1.417867 0.805195 0.681629 0.280193 0.441695 0.0 0.0
20.04 0.323883 0.377097 0.867697 1.417867 0.805195 0.681629 0.280193 0.441695 0.0 0.0
20.05 0.323883 0.377097 0.867697 1.417867 0.805195 0.681629 0.280193 0.441695 0.0 0.0
21.01 0.362428 0.336527 0.869135 1.488852 0.764533 0.686934 0.271122 0.422924 0.0 0.0
21.02 0.362428 0.336527 0.869135 1.488852 0.764533 0.686934 0.271122 0.422924 0.0 0.0
21.03 0.362428 0.336527 0.869135 1.488852 0.764533 0.686934 0.271122 0.422924 0.0 0.0
21.04 0.362428 0.336527 0.869135 1.488852 0.764533 0.686934 0.271122 0.422924 0.0 0.0
21.05 0.362428 0.336527 0.869135 1.488852 0.764533 0.686934 0.271122 0.422924 0.0 0.0
22.01 0.334668 0.359850 0.870922 1.339026 0.870492 0.793594 0.241614 0.428084 0.0 0.0
22.02 0.334668 0.359850 0.870922 1.339026 0.870492 0.793594 0.241614 0.428084 0.0 0.0
22.03 0.334668 0.359850 0.870922 1.339026 0.870492 0.793594 0.241614 0.428084 0.0 0.0
22.04 0.334668 0.359850 0.870922 1.339026 0.870492 0.793594 0.241614 0.428084 0.0 0.0
22.05 0.334668 0.359850 0.870922 1.339026 0.870492 0.793594 0.241614 0.428084 0.0 0.0
23.01 0.328149 0.360467 0.873145 1.307961 0.865001 0.678985 0.256183 0.474887 0.0 0.0
23.02 0.328149 0.360467 0.873145 1.307961 0.865001 0.678985 0.256183 0.474887 0.0 0.0
23.03 0.328149 0.360467 0.873145 1.307961 0.865001 0.678985 0.256183 0.474887 0.0 0.0
23.04 0.328149 0.360467 0.873145 1.307961 0.865001 0.678985 0.256183 0.474887 0.0 0.0
23.05 0.328149 0.360467 0.873145 1.307961 0.865001 0.678985 0.256183 0.474887 0.0 0.0
24.01 0.323400 0.326167 0.888272 1.508066 0.746554 0.758043 0.258006 0.492309 0.0 0.0
24.02 0.323400 0.326167 0.888272 1.508066 0.746554 0.758043 0.258006 0.492309 0.0 0.0
24.03 0.323400 0.326167 0.888272 1.508066 0.746554 0.758043 0.258006 0.492309 0.0 0.0
24.04 0.323400 0.326167 0.888272 1.508066 0.746554 0.758043 0.258006 0.492309 0.0 0.0
24.05 0.323400 0.326167 0.888272 1.508066 0.746554 0.758043 0.258006 0.492309 0.0 0.0
25.01 0.334005 0.345599 0.876927 1.317605 0.877125 0.683073 0.285861 0.446641 0.0 0.0
25.02 0.334005 0.345599 0.876927 1.317605 0.877125 0.683073 0.285861 0.446641 0.0 0.0
25.03 0.334005 0.345599 0.876927 1.317605 0.877125 0.683073 0.285861 0.446641 0.0 0.0
25.04 0.334005 0.345599 0.876927 1.317605 0.877125 0.683073 0.285861 0.446641 0.0 0.0
25.05 0.334005 0.345599 0.876927 1.317605 0.877125 0.683073 0.285861 0.446641 0.0 0.0
26.01 0.349642 0.356299 0.866488 1.527999 0.803551 0.745536 0.252498 0.434728 0.0 0.0
26.02 0.349642 0.356299 0.866488 1.527999 0.803551 0.745536 0.252498 0.434728 0.0 0.0
26.03 0.349642 0.356299 0.866488 1.527999 0.803551 0.745536 0.252498 0.434728 0.0 0.0
26.04 0.349642 0.356299 0.866488 1.527999 0.803551 0.745536 0.252498 0.434728 0.0 0.0
26.05 0.349642 0.356299 0.866488 1.527999 0.803551 0.745536 0.252498 0.434728 0.0 0.0
27.01 0.338098 0.317827 0.885819 1.443771 0.728218 0.741176 0.284539 0.412953 0.0 0.0
27.02 0.338098 0.317827 0.885819 1.443771 0.728218 0.741176 0.284539 0.412953 0.0 0.0
27.03 0.338098 0.317827 0.885819 1.443771 0.728218 0.741176 0.284539 0.412953 0.0 0.0
27.04 0.338098 0.317827 0.885819 1.443771 0.728218 0.741176 0.284539 0.412953 0.0 0.0
27.05 0.338098 0.317827 0.885819 1.443771 0.728218 0.741176 0.284539 0.412953 0.0 0.0
28.01 0.348084 0.330974 0.877094 1.279966 0.744817 0.803593 0.251804 0.443829 0.0 0.0
28.02 0.348084 0.330974 0.877094 1.279966 0.744817 0.803593 0.251804 0.443829 0.0 0.0
28.03 0.348084 0.330974 0.877094 1.279966 0.744817 0.803593 0.251804 0.443829 0.0 0.0
28.04 0.348084 0.330974 0.877094 1.279966 0.744817 0.803593 0.251804 0.443829 0.0 0.0
28.05 0.348084 0.330974 0.877094 1.279966 0.744817 0.803593 0.251804 0.443829 0.0 0.0
29.01 0.347122 0.356296 0.867502 1.330672 0.762569 0.799569 0.243868 0.479158 0.0 0.0
29.02 0.347122 0.356296 0.867502 1.330672 0.762569 0.799569 0.243868 0.479158 0.0 0.0
29.03 0.347122 0.356296 0.867502 1.330672 0.762569 0.799569 0.243868 0.479158 0.0 0.0
29.04 0.347122 0.356296 0.867502 1.330672 0.762569 0.799569 0.243868 0.479158 0.0 0.0
29.05 0.347122 0.356296 0.867502 1.330672 0.762569 0.799569 0.243868 0.479158 0.0 0.0
30.01 0.659854 0.401216 0.635309 0.825128 0.336821 0.070875 0.178116 0.921555 0.0 0.0
30.02 0.659854 0.401216 0.635309 0.825128 0.336821 0.070875 0.178116 0.921555 0.0 0.0
30.03 0.659854 0.401216 0.635309 0.825128 0.336821 0.070875 0.178116 0.921555 0.0 0.0
30.04 0.659854 0.401216 0.635309 0.825128 0.336821 0.070875 0.178116 0.921555 0.0 0.0
30.05 0.659854 0.401216 0.635309 0.825128 0.336821 0.070875 0.178116 0.921555 0.0 0.0
31.01 0.657815 0.393905 0.641965 0.813198 0.337947 0.071494 0.155677 0.926104 0.0 0.0
31.02 0.657815 0.393905 0.641965 0.813198 0.337947 0.071494 0.155677 0.926104 0.0 0.0
31.03 0.657815 0.393905 0.641965 0.813198 0.337947 0.071494 0.155677 0.926104 0.0 0.0
31.04 0.657815 0.393905 0.641965 0.813198 0.337947 0.071494 0.155677 0.926104 0.0 0.0
31.05 0.657815 0.393905 0.641965 0.813198 0.337947 0.071494 0.155677 0.926104 0.0 0.0
32.01 0.644024 0.376088 0.666176 0.930646 0.347818 0.064850 0.173938 0.921685 0.0 0.0
32.02 0.644024 0.376088 0.666176 0.930646 0.347818 0.064850 0.173938 0.921685 0.0 0.0
32.03 0.644024 0.376088 0.666176 0.930646 0.347818 0.064850 0.173938 0.921685 0.0 0.0
32.04 0.644024 0.376088 0.666176 0.930646 0.347818 0.064850 0.173938 0.921685 0.0 0.0
32.05 0.644024 0.376088 0.666176 0.930646 0.347818 0.064850 0.173938 0.921685 0.0 0.0
33.01 0.608280 0.431793 0.665996 0.841761 0.374401 0.071284 0.168654 1.081103 0.0 0.0
33.02 0.608280 0.431793 0.665996 0.841761 0.374401 0.071284 0.168654 1.081103 0.0 0.0
33.03 0.608280 0.431793 0.665996 0.841761 0.374401 0.071284 0.168654 1.081103 0.0 0.0
33.04 0.608280 0.431793 0.665996 0.841761 0.374401 0.071284 0.168654 1.081103 0.0 0.0
33.05 0.608280 0.431793 0.665996 0.841761 0.374401 0.071284 0.168654 1.081103 0.0 0.0
34.01 0.608034 0.369739 0.702558 0.948737 0.364051 0.074295 0.175452 1.053155 0.0 0.0
34.02 0.608034 0.369739 0.702558 0.948737 0.364051 0.074295 0.175452 1.053155 0.0 0.0
34.03 0.608034 0.369739 0.702558 0.948737 0.364051 0.074295 0.175452 1.053155 0.0 0.0
34.04 0.608034 0.369739 0.702558 0.948737 0.364051 0.074295 0.175452 1.053155 0.0 0.0
34.05 0.608034 0.369739 0.702558 0.948737 0.364051 0.074295 0.175452 1.053155 0.0 0.0
35.01 0.568261 0.401989 0.717972 0.815552 0.368327 0.073854 0.178876 1.049459 0.0 0.0
35.02 0.568261 0.401989 0.717972 0.815552 0.368327 0.073854 0.178876 1.049459 0.0 0.0
35.03 0.568261 0.401989 0.717972 0.815552 0.368327 0.073854 0.178876 1.049459 0.0 0.0
35.04 0.568261 0.401989 0.717972 0.815552 0.368327 0.073854 0.178876 1.049459 0.0 0.0
35.05 0.568261 0.401989 0.717972 0.815552 0.368327 0.073854 0.178876 1.049459 0.0 0.0
36.01 0.598384 0.425687 0.678769 0.945382 0.342053 0.067210 0.153955 1.057809 0.0 0.0
36.02 0.598384 0.425687 0.678769 0.945382 0.342053 0.067210 0.153955 1.057809 0.0 0.0
36.03 0.598384 0.425687 0.678769 0.945382 0.342053 0.067210 0.153955 1.057809 0.0 0.0
36.04 0.598384 0.425687 0.678769 0.945382 0.342053 0.067210 0.153955 1.057809 0.0 0.0
36.05 0.598384 0.425687 0.678769 0.945382 0.342053 0.067210 0.153955 1.057809 0.0 0.0
37.01 0.640915 0.394445 0.658514 0.834457 0.339754 0.070290 0.161762 0.920179 0.0 0.0
37.02 0.640915 0.394445 0.658514 0.834457 0.339754 0.070290 0.161762 0.920179 0.0 0.0
37.03 0.640915 0.394445 0.658514 0.834457 0.339754 0.070290 0.161762 0.920179 0.0 0.0
37.04 0.640915 0.394445 0.658514 0.834457 0.339754 0.070290 0.161762 0.920179 0.0 0.0
37.05 0.640915 0.394445 0.658514 0.834457 0.339754 0.070290 0.161762 0.920179 0.0 0.0
38.01 0.629880 0.382954 0.675720 0.880867 0.374533 0.068603 0.177248 1.071152 0.0 0.0
38.02 0.629880 0.382954 0.675720 0.880867 0.374533 0.068603 0.177248 1.071152 0.0 0.0
38.03 0.629880 0.382954 0.675720 0.880867 0.374533 0.068603 0.177248 1.071152 0.0 0.0
38.04 0.629880 0.382954 0.675720 0.880867 0.374533 0.068603 0.177248 1.071152 0.0 0.0
38.05 0.629880 0.382954 0.675720 0.880867 0.374533 0.068603 0.177248 1.071152 0.0 0.0
39.01 0.586984 0.384164 0.712648 0.974177 0.314400 0.065521 0.156974 1.028560 0.0 0.0
39.02 0.586984 0.384164 0.712648 0.974177 0.314400 0.065521 0.156974 1.028560 0.0 0.0
39.03 0.586984 0.384164 0.712648 0.974177 0.314400 0.065521 0.156974 1.028560 0.0 0.0
39.04 0.586984 0.384164 0.712648 0.974177 0.314400 0.065521 0.156974 1.028560 0.0 0.0
39.05 0.586984 0.384164 0.712648 0.974177 0.314400 0.065521 0.156974 1.028560 0.0 0.0
40.01 0.635001 0.344144 0.691620 0.877632 0.371523 0.073530 0.177411 1.106635 0.0 0.0
40.02 0.635001 0.344144 0.691620 0.877632 0.371523 0.073530 0.177411 1.106635 0.0 0.0
40.03 0.635001 0.344144 0.691620 0.877632 0.371523 0.073530 0.177411 1.106635 0.0 0.0
40.04 0.635001 0.344144 0.691620 0.877632 0.371523 0.073530 0.177411 1.106635 0.0 0.0
40.05 0.635001 0.344144 0.691620 0.877632 0.371523 0.073530 0.177411 1.106635 0.0 0.0
41.01 0.632764 0.378679 0.675435 0.986841 0.363761 0.072969 0.160175 1.023436 0.0 0.0
41.02 0.632764 0.378679 0.675435 0.986841 0.363761 0.072969 0.160175 1.023436 0.0 0.0
41.03 0.632764 0.378679 0.675435 0.986841 0.363761 0.072969 0.160175 1.023436 0.0 0.0
41.04 0.632764 0.378679 0.675435 0.986841 0.363761 0.072969 0.160175 1.023436 0.0 0.0
41.05 0.632764 0.378679 0.675435 0.986841 0.363761 0.072969 0.160175 1.023436 0.0 0.0
42.01 0.589383 0.428156 0.685062 0.857365 0.350020 0.066677 0.169252 1.053969 0.0 0.0
42.02 0.589383 0.428156 0.685062 0.857365 0.350020 0.066677 0.169252 1.053969 0.0 0.0
42.03 0.589383 0.428156 0.685062 0.857365 0.350020 0.066677 0.169252 1.053969 0.0 0.0
42.04 0.589383 0.428156 0.685062 0.857365 0.350020 0.066677 0.169252 1.053969 0.0 0.0
42.05 0.589383 0.428156 0.685062 0.857365 0.350020 0.066677 0.169252 1.053969 0.0 0.0
43.01 0.652136 0.373276 0.659836 0.818814 0.336384 0.074893 0.166154 1.114335 0.0 0.0
43.02 0.652136 0.373276 0.659836 0.818814 0.336384 0.074893 0.166154 1.114335 0.0 0.0
43.03 0.652136 0.373276 0.659836 0.818814 0.336384 0.074893 0.166154 1.114335 0.0 0.0
43.04 0.652136 0.373276 0.659836 0.818814 0.336384 0.074893 0.166154 1.114335 0.0 0.0
43.05 0.652136 0.373276 0.659836 0.818814 0.336384 0.074893 0.166154 1.114335 0.0 0.0
44.01 0.601031 0.396202 0.694108 0.907632 0.312226 0.068315 0.180752 1.050509 0.0 0.0
44.02 0.601031 0.396202 0.694108 0.907632 0.312226 0.068315 0.180752 1.050509 0.0 0.0
44.03 0.601031 0.396202 0.694108 0.907632 0.312226 0.068315 0.180752 1.050509 0.0 0.0
44.04 0.601031 0.396202 0.694108 0.907632 0.312226 0.068315 0.180752 1.050509 0.0 0.0
44.05 0.601031 0.396202 0.694108 0.907632 0.312226 0.068315 0.180752 1.050509 0.0 0.0
45.01 0.619317 0.365993 0.694619 0.830551 0.311087 0.066785 0.179434 1.076244 0.0 0.0
45.02 0.619317 0.365993 0.694619 0.830551 0.311087 0.066785 0.179434 1.076244 0.0 0.0
45.03 0.619317 0.365993 0.694619 0.830551 0.311087 0.066785 0.179434 1.076244 0.0 0.0
45.04 0.619317 0.365993 0.694619 0.830551 0.311087 0.066785 0.179434 1.076244 0.0 0.0
45.05 0.619317 0.365993 0.694619 0.830551 0.311087 0.066785 0.179434 1.076244 0.0 0.0
46.01 0.572979 0.401444 0.714519 0.935298 0.341205 0.075171 0.163986 1.104205 0.0 0.0
46.02 0.572979 0.401444 0.714519 0.935298 0.341205 0.075171 0.163986 1.104205 0.0 0.0
46.03 0.572979 0.401444 0.714519 0.935298 0.341205 0.075171 0.163986 1.104205 0.0 0.0
46.04 0.572979 0.401444 0.714519 0.935298 0.341205 0.075171 0.163986 1.104205 0.0 0.0
46.05 0.572979 0.401444 0.714519 0.935298 0.341205 0.075171 0.163986 1.104205 0.0 0.0
47.01 0.668775 0.362903 0.648877 0.819156 0.359884 0.070939 0.161659 0.950103 0.0 0.0
47.02 0.668775 0.362903 0.648877 0.819156 0.359884 0.070939 0.161659 0.950103 0.0 0.0
47.03 0.668775 0.362903 0.648877 0.819156 0.359884 0.070939 0.161659 0.950103 0.0 0.0
47.04 0.668775 0.362903 0.648877 0.819156 0.359884 0.070939 0.161659 0.950103 0.0 0.0
47.05 0.668775 0.362903 0.648877 0.819156 0.359884 0.070939 0.161659 0.950103 0.0 0.0
48.01 0.623041 0.382167 0.682472 0.890471 0.317167 0.076454 0.156469 0.923546 0.0 0.0
48.02 0.623041 0.382167 0.682472 0.890471 0.317167 0.076454 0.156469 0.923546 0.0 0.0
48.03 0.623041 0.382167 0.682472 0.890471 0.317167 0.076454 0.156469 0.923546 0.0 0.0
48.04 0.623041 0.382167 0.682472 0.890471 0.317167 0.076454 0.156469 0.923546 0.0 0.0
48.05 0.623041 0.382167 0.682472 0.890471 0.317167 0.076454 0.156469 0.923546 0.0 0.0
49.01 0.631755 0.362141 0.685376 0.908537 0.374632 0.063993 0.162077 1.060608 0.0 0.0
49.02 0.631755 0.362141 0.685376 0.908537 0.374632 0.063993 0.162077 1.060608 0.0 0.0
49.03 0.631755 0.362141 0.685376 0.908537 0.374632 0.063993 0.162077 1.060608 0.0 0.0
49.04 0.631755 0.362141 0.685376 0.908537 0.374632 0.063993 0.162077 1.060608 0.0 0.0
49.05 0.631755 0.362141 0.685376 0.908537 0.374632 0.063993 0.162077 1.060608 0.0 0.0
50.01 0.620981 0.382804 0.683991 0.877380 0.358531 0.066222 0.157867 1.109099 0.0 0.0
50.02 0.620981 0.382804 0.683991 0.877380 0.358531 0.066222 0.157867 1.109099 0.0 0.0
50.03 0.620981 0.382804 0.683991 0.877380 0.358531 0.066222 0.157867 1.109099 0.0 0.0
50.04 0.620981 0.382804 0.683991 0.877380 0.358531 0.066222 0.157867 1.109099 0.0 0.0
50.05 0.620981 0.382804 0.683991 0.877380 0.358531 0.066222 0.157867 1.109099 0.0 0.0
51.01 0.628974 0.403558 0.664479 0.923811 0.314829 0.071433 0.180869 0.964693 0.0 0.0
51.02 0.628974 0.403558 0.664479 0.923811 0.314829 0.071433 0.180869 0.964693 0.0 0.0
51.03 0.628974 0.403558 0.664479 0.923811 0.314829 0.071433 0.180869 0.964693 0.0 0.0
51.04 0.628974 0.403558 0.664479 0.923811 0.314829 0.071433 0.180869 0.964693 0.0 0.0
51.05 0.628974 0.403558 0.664479 0.923811 0.314829 0.071433 0.180869 0.964693 0.0 0.0
52.01 0.636100 0.356633 0.684244 0.852730 0.321944 0.072606 0.163376 1.104264 0.0 0.0
52.02 0.636100 0.356633 0.684244 0.852730 0.321944 0.072606 0.163376 1.104264 0.0 0.0
52.03 0.636100 0.356633 0.684244 0.852730 0.321944 0.072606 0.163376 1.104264 0.0 0.0
52.04 0.636100 0.356633 0.684244 0.852730 0.321944 0.072606 0.163376 1.104264 0.0 0.0
52.05 0.636100 0.356633 0.684244 0.852730 0.321944 0.072606 0.163376 1.104264 0.0 0.0
53.01 0.664570 0.407217 0.626515 0.813693 0.314697 0.068741 0.180610 0.931899 0.0 0.0
53.02 0.664570 0.407217 0.626515 0.813693 0.314697 0.068741 0.180610 0.931899 0.0 0.0
53.03 0.664570 0.407217 0.626515 0.813693 0.314697 0.068741 0.180610 0.931899 0.0 0.0
53.04 0.664570 0.407217 0.626515 0.813693 0.314697 0.068741 0.180610 0.931899 0.0 0.0
53.05 0.664570 0.407217 0.626515 0.813693 0.314697 0.068741 0.180610 0.931899 0.0 0.0
54.01 0.613414 0.415435 0.671668 0.877776 0.376319 0.070380 0.160461 1.093427 0.0 0.0
54.02 0.613414 0.415435 0.671668 0.877776 0.376319 0.070380 0.160461 1.093427 0.0 0.0
54.03 0.613414 0.415435 0.671668 0.877776 0.376319 0.070380 0.160461 1.093427 0.0 0.0
54.04 0.613414 0.415435 0.671668 0.877776 0.376319 0.070380 0.160461 1.093427 0.0 0.0
54.05 0.613414 0.415435 0.671668 0.877776 0.376319 0.070380 0.160461 1.093427 0.0 0.0
55.01 0.605315 0.346821 0.716456 0.849083 0.356126 0.077129 0.177936 0.944835 0.0 0.0
55.02 0.605315 0.346821 0.716456 0.849083 0.356126 0.077129 0.177936 0.944835 0.0 0.0
55.03 0.605315 0.346821 0.716456 0.849083 0.356126 0.077129 0.177936 0.944835 0.0 0.0
55.04 0.605315 0.346821 0.716456 0.849083 0.356126 0.077129 0.177936 0.944835 0.0 0.0
55.05 0.605315 0.346821 0.716456 0.849083 0.356126 0.077129 0.177936 0.944835 0.0 0.0
56.01 0.624602 0.356435 0.694857 0.861518 0.314427 0.067317 0.151440 1.000702 0.0 0.0
56.02 0.624602 0.356435 0.694857 0.861518 0.314427 0.067317 0.151440 1.000702 0.0 0.0
56.03 0.624602 0.356435 0.694857 0.861518 0.314427 0.067317 0.151440 1.000702 0.0 0.0
56.04 0.624602 0.356435 0.694857 0.861518 0.314427 0.067317 0.151440 1.000702 0.0 0.0
56.05 0.624602 0.356435 0.694857 0.861518 0.314427 0.067317 0.151440 1.000702 0.0 0.0
57.01 0.589788 0.433520 0.681330 0.897555 0.349479 0.076692 0.170685 1.111723 0.0 0.0
57.02 0.589788 0.433520 0.681330 0.897555 0.349479 0.076692 0.170685 1.111723 0.0 0.0
57.03 0.589788 0.433520 0.681330 0.897555 0.349479 0.076692 0.170685 1.111723 0.0 0.0
57.04 0.589788 0.433520 0.681330 0.897555 0.349479 0.076692 0.170685 1.111723 0.0 0.0
57.05 0.589788 0.433520 0.681330 0.897555 0.349479 0.076692 0.170685 1.111723 0.0 0.0
58.01 0.585544 0.386550 0.712543 0.823272 0.315690 0.069811 0.178717 0.937935 0.0 0.0
58.02 0.585544 0.386550 0.712543 0.823272 0.315690 0.069811 0.178717 0.937935 0.0 0.0
58.03 0.585544 0.386550 0.712543 0.823272 0.315690 0.069811 0.178717 0.937935 0.0 0.0
58.04 0.585544 0.386550 0.712543 0.823272 0.315690 0.069811 0.178717 0.937935 0.0 0.0
58.05 0.585544 0.386550 0.712543 0.823272 0.315690 0.069811 0.178717 0.937935 0.0 0.0
59.01 0.622332 0.361148 0.694460 0.854708 0.322021 0.071922 0.149686 1.081364 0.0 0.0
59.02 0.622332 0.361148 0.694460 0.854708 0.322021 0.071922 0.149686 1.081364 0.0 0.0
59.03 0.622332 0.361148 0.694460 0.854708 0.322021 0.071922 0.149686 1.081364 0.0 0.0
59.04 0.622332 0.361148 0.694460 0.854708 0.322021 0.071922 0.149686 1.081364 0.0 0.0
59.05 0.622332 0.361148 0.694460 0.854708 0.322021 0.071922 0.149686 1.081364 0.0 0.0
60.01 0.469531 0.834255 0.289067 0.978745 0.398822 1.143010 0.061985 0.010786 0.0 0.0
60.02 0.469531 0.834255 0.289067 0.978745 0.398822 1.143010 0.061985 0.010786 0.0 0.0
60.03 0.469531 0.834255 0.289067 0.978745 0.398822 1.143010 0.061985 0.010786 0.0 0.0
60.04 0.469531 0.834255 0.289067 0.978745 0.398822 1.143010 0.061985 0.010786 0.0 0.0
60.05 0.469531 0.834255 0.289067 0.978745 0.398822 1.143010 0.061985 0.010786 0.0 0.0
61.01 0.510248 0.802470 0.309337 0.952302 0.386218 1.114291 0.053166 0.011971 0.0 0.0
61.02 0.510248 0.802470 0.309337 0.952302 0.386218 1.114291 0.053166 0.011971 0.0 0.0
61.03 0.510248 0.802470 0.309337 0.952302 0.386218 1.114291 0.053166 0.011971 0.0 0.0
61.04 0.510248 0.802470 0.309337 0.952302 0.386218 1.114291 0.053166 0.011971 0.0 0.0
61.05 0.510248 0.802470 0.309337 0.952302 0.386218 1.114291 0.053166 0.011971 0.0 0.0
62.01 0.516195 0.787513 0.336698 1.128338 0.354185 1.075800 0.054258 0.011827 0.0 0.0
62.02 0.516195 0.787513 0.336698 1.128338 0.354185 1.075800 0.054258 0.011827 0.0 0.0
62.03 0.516195 0.787513 0.336698 1.128338 0.354185 1.075800 0.054258 0.011827 0.0 0.0
62.04 0.516195 0.787513 0.336698 1.128338 0.354185 1.075800 0.054258 0.011827 0.0 0.0
62.05 0.516195 0.787513 0.336698 1.128338 0.354185 1.075800 0.054258 0.011827 0.0 0.0
63.01 0.515259 0.793934 0.322765 1.025878 0.398113 1.263162 0.053957 0.011371 0.0 0.0
63.02 0.515259 0.793934 0.322765 1.025878 0.398113 1.263162 0.053957 0.011371 0.0 0.0
63.03 0.515259 0.793934 0.322765 1.025878 0.398113 1.263162 0.053957 0.011371 0.0 0.0
63.04 0.515259 0.793934 0.322765 1.025878 0.398113 1.263162 0.053957 0.011371 0.0 0.0
63.05 0.515259 0.793934 0.322765 1.025878 0.398113 1.263162 0.053957 0.011371 0.0 0.0
64.01 0.511086 0.797286 0.321131 0.968928 0.343372 1.120565 0.062291 0.012357 0.0 0.0
64.02 0.511086 0.797286 0.321131 0.968928 0.343372 1.120565 0.062291 0.012357 0.0 0.0
64.03 0.511086 0.797286 0.321131 0.968928 0.343372 1.120565 0.062291 0.012357 0.0 0.0
64.04 0.511086 0.797286 0.321131 0.968928 0.343372 1.120565 0.062291 0.012357 0.0 0.0
64.05 0.511086 0.797286 0.321131 0.968928 0.343372 1.120565 0.062291 0.012357 0.0 0.0
65.01 0.478770 0.808752 0.341613 1.140227 0.362250 1.213855 0.056914 0.011950 0.0 0.0
65.02 0.478770 0.808752 0.341613 1.140227 0.362250 1.213855 0.056914 0.011950 0.0 0.0
65.03 0.478770 0.808752 0.341613 1.140227 0.362250 1.213855 0.056914 0.011950 0.0 0.0
65.04 0.478770 0.808752 0.341613 1.140227 0.362250 1.213855 0.056914 0.011950 0.0 0.0
65.05 0.478770 0.808752 0.341613 1.140227 0.362250 1.213855 0.056914 0.011950 0.0 0.0
66.01 0.465496 0.830087 0.307034 1.005398 0.339584 1.048352 0.059851 0.011561 0.0 0.0
66.02 0.465496 0.830087 0.307034 1.005398 0.339584 1.048352 0.059851 0.011561 0.0 0.0
66.03 0.465496 0.830087 0.307034 1.005398 0.339584 1.048352 0.059851 0.011561 0.0 0.0
66.04 0.465496 0.830087 0.307034 1.005398 0.339584 1.048352 0.059851 0.011561 0.0 0.0
66.05 0.465496 0.830087 0.307034 1.005398 0.339584 1.048352 0.059851 0.011561 0.0 0.0
67.01 0.537197 0.767721 0.349319 0.968805 0.390824 1.071097 0.063506 0.012085 0.0 0.0
67.02 0.537197 0.767721 0.349319 0.968805 0.390824 1.071097 0.063506 0.012085 0.0 0.0
67.03 0.537197 0.767721 0.349319 0.968805 0.390824 1.071097 0.063506 0.012085 0.0 0.0
67.04 0.537197 0.767721 0.349319 0.968805 0.390824 1.071097 0.063506 0.012085 0.0 0.0
67.05 0.537197 0.767721 0.349319 0.968805 0.390824 1.071097 0.063506 0.012085 0.0 0.0
68.01 0.513999 0.801502 0.305614 1.051596 0.379046 1.178879 0.062807 0.011104 0.0 0.0
68.02 0.513999 0.801502 0.305614 1.051596 0.379046 1.178879 0.062807 0.011104 0.0 0.0
68.03 0.513999 0.801502 0.305614 1.051596 0.379046 1.178879 0.062807 0.011104 0.0 0.0
68.04 0.513999 0.801502 0.305614 1.051596 0.379046 1.178879 0.062807 0.011104 0.0 0.0
68.05 0.513999 0.801502 0.305614 1.051596 0.379046 1.178879 0.062807 0.011104 0.0 0.0
69.01 0.466633 0.824082 0.321157 1.018502 0.406791 1.116614 0.055539 0.010850 0.0 0.0
69.02 0.466633 0.824082 0.321157 1.018502 0.406791 1.116614 0.055539 0.010850 0.0 0.0
69.03 0.466633 0.824082 0.321157 1.018502 0.406791 1.116614 0.055539 0.010850 0.0 0.0
69.04 0.466633 0.824082 0.321157 1.018502 0.406791 1.116614 0.055539 0.010850 0.0 0.0
69.05 0.466633 0.824082 0.321157 1.018502 0.406791 1.116614 0.055539 0.010850 0.0 0.0
70.01 0.504502 0.818388 0.275168 1.104129 0.345874 1.172272 0.055641 0.011691 0.0 0.0
70.02 0.504502 0.818388 0.275168 1.104129 0.345874 1.172272 0.055641 0.011691 0.0 0.0
70.03 0.504502 0.818388 0.275168 1.104129 0.345874 1.172272 0.055641 0.011691 0.0 0.0
70.04 0.504502 0.818388 0.275168 1.104129 0.345874 1.172272 0.055641 0.011691 0.0 0.0
70.05 0.504502 0.818388 0.275168 1.104129 0.345874 1.172272 0.055641 0.011691 0.0 0.0
71.01 0.480769 0.818294 0.315051 1.016476 0.378766 1.082066 0.052938 0.010604 0.0 0.0
71.02 0.480769 0.818294 0.315051 1.016476 0.378766 1.082066 0.052938 0.010604 0.0 0.0
71.03 0.480769 0.818294 0.315051 1.016476 0.378766 1.082066 0.052938 0.010604 0.0 0.0
71.04 0.480769 0.818294 0.315051 1.016476 0.378766 1.082066 0.052938 0.010604 0.0 0.0
71.05 0.480769 0.818294 0.315051 1.016476 0.378766 1.082066 0.052938 0.010604 0.0 0.0
72.01 0.518754 0.798784 0.304695 1.131539 0.404012 1.246704 0.059934 0.011049 0.0 0.0
72.02 0.518754 0.798784 0.304695 1.131539 0.404012 1.246704 0.059934 0.011049 0.0 0.0
72.03 0.518754 0.798784 0.304695 1.131539 0.404012 1.246704 0.059934 0.011049 0.0 0.0
72.04 0.518754 0.798784 0.304695 1.131539 0.404012 1.246704 0.059934 0.011049 0.0 0.0
72.05 0.518754 0.798784 0.304695 1.131539 0.404012 1.246704 0.059934 0.011049 0.0 0.0
73.01 0.443400 0.840630 0.311025 1.045485 0.344597 1.133936 0.062512 0.011858 0.0 0.0
73.02 0.443400 0.840630 0.311025 1.045485 0.344597 1.133936 0.062512 0.011858 0.0 0.0
73.03 0.443400 0.840630 0.311025 1.045485 0.344597 1.133936 0.062512 0.011858 0.0 0.0
73.04 0.443400 0.840630 0.311025 1.045485 0.344597 1.133936 0.062512 0.011858 0.0 0.0
73.05 0.443400 0.840630 0.311025 1.045485 0.344597 1.133936 0.062512 0.011858 0.0 0.0
74.01 0.536737 0.789441 0.297819 1.078310 0.370539 1.267026 0.063766 0.011988 0.0 0.0
74.02 0.536737 0.789441 0.297819 1.078310 0.370539 1.267026 0.063766 0.011988 0.0 0.0
74.03 0.536737 0.789441 0.297819 1.078310 0.370539 1.267026 0.063766 0.011988 0.0 0.0
74.04 0.536737 0.789441 0.297819 1.078310 0.370539 1.267026 0.063766 0.011988 0.0 0.0
74.05 0.536737 0.789441 0.297819 1.078310 0.370539 1.267026 0.063766 0.011988 0.0 0.0
75.01 0.495892 0.798569 0.341143 0.997833 0.370937 1.112803 0.054367 0.010640 0.0 0.0
75.02 0.495892 0.798569 0.341143 0.997833 0.370937 1.112803 0.054367 0.010640 0.0 0.0
75.03 0.495892 0.798569 0.341143 0.997833 0.370937 1.112803 0.054367 0.010640 0.0 0.0
75.04 0.495892 0.798569 0.341143 0.997833 0.370937 1.112803 0.054367 0.010640 0.0 0.0
75.05 0.495892 0.798569 0.341143 0.997833 0.370937 1.112803 0.054367 0.010640 0.0 0.0
76.01 0.475640 0.829062 0.293979 1.072892 0.393866 1.089282 0.061811 0.011969 0.0 0.0
76.02 0.475640 0.829062 0.293979 1.072892 0.393866 1.089282 0.061811 0.011969 0.0 0.0
76.03 0.475640 0.829062 0.293979 1.072892 0.393866 1.089282 0.061811 0.011969 0.0 0.0
76.04 0.475640 0.829062 0.293979 1.072892 0.393866 1.089282 0.061811 0.011969 0.0 0.0
76.05 0.475640 0.829062 0.293979 1.072892 0.393866 1.089282 0.061811 0.011969 0.0 0.0
77.01 0.498148 0.818165 0.287150 1.104587 0.364344 1.259023 0.054240 0.010729 0.0 0.0
77.02 0.498148 0.818165 0.287150 1.104587 0.364344 1.259023 0.054240 0.010729 0.0 0.0
77.03 0.498148 0.818165 0.287150 1.104587 0.364344 1.259023 0.054240 0.010729 0.0 0.0
77.04 0.498148 0.818165 0.287150 1.104587 0.364344 1.259023 0.054240 0.010729 0.0 0.0
77.05 0.498148 0.818165 0.287150 1.104587 0.364344 1.259023 0.054240 0.010729 0.0 0.0
78.01 0.456985 0.843582 0.282017 1.069810 0.393951 1.253059 0.062276 0.011108 0.0 0.0
78.02 0.456985 0.843582 0.282017 1.069810 0.393951 1.253059 0.062276 0.011108 0.0 0.0
78.03 0.456985 0.843582 0.282017 1.069810 0.393951 1.253059 0.062276 0.011108 0.0 0.0
78.04 0.456985 0.843582 0.282017 1.069810 0.393951 1.253059 0.062276 0.011108 0.0 0.0
78.05 0.456985 0.843582 0.282017 1.069810 0.393951 1.253059 0.062276 0.011108 0.0 0.0
79.01 0.471364 0.807255 0.355183 0.984353 0.371160 1.255165 0.054071 0.012109 0.0 0.0
79.02 0.471364 0.807255 0.355183 0.984353 0.371160 1.255165 0.054071 0.012109 0.0 0.0
79.03 0.471364 0.807255 0.355183 0.984353 0.371160 1.255165 0.054071 0.012109 0.0 0.0
79.04 0.471364 0.807255 0.355183 0.984353 0.371160 1.255165 0.054071 0.012109 0.0 0.0
79.05 0.471364 0.807255 0.355183 0.984353 0.371160 1.255165 0.054071 0.012109 0.0 0.0
80.01 0.528201 0.787794 0.316835 0.957881 0.364463 1.270001 0.052651 0.010559 0.0 0.0
80.02 0.528201 0.787794 0.316835 0.957881 0.364463 1.270001 0.052651 0.010559 0.0 0.0
80.03 0.528201 0.787794 0.316835 0.957881 0.364463 1.270001 0.052651 0.010559 0.0 0.0
80.04 0.528201 0.787794 0.316835 0.957881 0.364463 1.270001 0.052651 0.010559 0.0 0.0
80.05 0.528201 0.787794 0.316835 0.957881 0.364463 1.270001 0.052651 0.010559 0.0 0.0
81.01 0.469309 0.830482 0.300081 0.945270 0.390425 1.222064 0.060039 0.010351 0.0 0.0
81.02 0.469309 0.830482 0.300081 0.945270 0.390425 1.222064 0.060039 0.010351 0.0 0.0
81.03 0.469309 0.830482 0.300081 0.945270 0.390425 1.222064 0.060039 0.010351 0.0 0.0
81.04 0.469309 0.830482 0.300081 0.945270 0.390425 1.222064 0.060039 0.010351 0.0 0.0
81.05 0.469309 0.830482 0.300081 0.945270 0.390425 1.222064 0.060039 0.010351 0.0 0.0
82.01 0.491764 0.790772 0.364482 0.974411 0.366558 1.203004 0.063749 0.010730 0.0 0.0
82.02 0.491764 0.790772 0.364482 0.974411 0.366558 1.203004 0.063749 0.010730 0.0 0.0
82.03 0.491764 0.790772 0.364482 0.974411 0.366558 1.203004 0.063749 0.010730 0.0 0.0
82.04 0.491764 0.790772 0.364482 0.974411 0.366558 1.203004 0.063749 0.010730 0.0 0.0
82.05 0.491764 0.790772 0.364482 0.974411 0.366558 1.203004 0.063749 0.010730 0.0 0.0
83.01 0.519495 0.802798 0.292645 1.007179 0.387418 1.043508 0.058768 0.010636 0.0 0.0
83.02 0.519495 0.802798 0.292645 1.007179 0.387418 1.043508 0.058768 0.010636 0.0 0.0
83.03 0.519495 0.802798 0.292645 1.007179 0.387418 1.043508 0.058768 0.010636 0.0 0.0
83.04 0.519495 0.802798 0.292645 1.007179 0.387418 1.043508 0.058768 0.010636 0.0 0.0
83.05 0.519495 0.802798 0.292645 1.007179 0.387418 1.043508 0.058768 0.010636 0.0 0.0
84.01 0.504816 0.800931 0.321978 1.129160 0.381175 1.078597 0.052651 0.011277 0.0 0.0
84.02 0.504816 0.800931 0.321978 1.129160 0.381175 1.078597 0.052651 0.011277 0.0 0.0
84.03 0.504816 0.800931 0.321978 1.129160 0.381175 1.078597 0.052651 0.011277 0.0 0.0
84.04 0.504816 0.800931 0.321978 1.129160 0.381175 1.078597 0.052651 0.011277 0.0 0.0
84.05 0.504816 0.800931 0.321978 1.129160 0.381175 1.078597 0.052651 0.011277 0.0 0.0
85.01 0.531240 0.784930 0.318857 0.956424 0.346895 1.186278 0.059827 0.011691 0.0 0.0
85.02 0.531240 0.784930 0.318857 0.956424 0.346895 1.186278 0.059827 0.011691 0.0 0.0
85.03 0.531240 0.784930 0.318857 0.956424 0.346895 1.186278 0.059827 0.011691 0.0 0.0
85.04 0.531240 0.784930 0.318857 0.956424 0.346895 1.186278 0.059827 0.011691 0.0 0.0
85.05 0.531240 0.784930 0.318857 0.956424 0.346895 1.186278 0.059827 0.011691 0.0 0.0
86.01 0.484453 0.817738 0.310822 0.994360 0.388872 1.096659 0.060961 0.012060 0.0 0.0
86.02 0.484453 0.817738 0.310822 0.994360 0.388872 1.096659 0.060961 0.012060 0.0 0.0
86.03 0.484453 0.817738 0.310822 0.994360 0.388872 1.096659 0.060961 0.012060 0.0 0.0
86.04 0.484453 0.817738 0.310822 0.994360 0.388872 1.096659 0.060961 0.012060 0.0 0.0
86.05 0.484453 0.817738 0.310822 0.994360 0.388872 1.096659 0.060961 0.012060 0.0 0.0
87.01 0.497318 0.814006 0.300115 1.087414 0.340575 1.073049 0.059915 0.011898 0.0 0.0
87.02 0.497318 0.814006 0.300115 1.087414 0.340575 1.073049 0.059915 0.011898 0.0 0.0
87.03 0.497318 0.814006 0.300115 1.087414 0.340575 1.073049 0.059915 0.011898 0.0 0.0
87.04 0.497318 0.814006 0.300115 1.087414 0.340575 1.073049 0.059915 0.011898 0.0 0.0
87.05 0.497318 0.814006 0.300115 1.087414 0.340575 1.073049 0.059915 0.011898 0.0 0.0
88.01 0.461923 0.840347 0.283627 1.110507 0.380828 1.248346 0.058693 0.012269 0.0 0.0
88.02 0.461923 0.840347 0.283627 1.110507 0.380828 1.248346 0.058693 0.012269 0.0 0.0
88.03 0.461923 0.840347 0.283627 1.110507 0.380828 1.248346 0.058693 0.012269 0.0 0.0
88.04 0.461923 0.840347 0.283627 1.110507 0.380828 1.248346 0.058693 0.012269 0.0 0.0
88.05 0.461923 0.840347 0.283627 1.110507 0.380828 1.248346 0.058693 0.012269 0.0 0.0
89.01 0.465154 0.829379 0.309455 1.136130 0.366967 1.052859 0.060146 0.012053 0.0 0.0
89.02 0.465154 0.829379 0.309455 1.136130 0.366967 1.052859 0.060146 0.012053 0.0 0.0
89.03 0.465154 0.829379 0.309455 1.136130 0.366967 1.052859 0.060146 0.012053 0.0 0.0
89.04 0.465154 0.829379 0.309455 1.136130 0.366967 1.052859 0.060146 0.012053 0.0 0.0
89.05 0.465154 0.829379 0.309455 1.136130 0.366967 1.052859 0.060146 0.012053 0.0 0.0
90.01 0.691300 0.566233 0.448871 0.841069 0.038720 1.027056 1.336609 0.364905 0.0 0.0
90.02 0.691300 0.566233 0.448871 0.841069 0.038720 1.027056 1.336609 0.364905 0.0 0.0
90.03 0.691300 0.566233 0.448871 0.841069 0.038720 1.027056 1.336609 0.364905 0.0 0.0
90.04 0.691300 0.566233 0.448871 0.841069 0.038720 1.027056 1.336609 0.364905 0.0 0.0
90.05 0.691300 0.566233 0.448871 0.841069 0.038720 1.027056 1.336609 0.364905 0.0 0.0
91.01 0.655826 0.625902 0.422065 0.743861 0.035329 0.887869 1.387156 0.322803 0.0 0.0
91.02 0.655826 0.625902 0.422065 0.743861 0.035329 0.887869 1.387156 0.322803 0.0 0.0
91.03 0.655826 0.625902 0.422065 0.743861 0.035329 0.887869 1.387156 0.322803 0.0 0.0
91.04 0.655826 0.625902 0.422065 0.743861 0.035329 0.887869 1.387156 0.322803 0.0 0.0
91.05 0.655826 0.625902 0.422065 0.743861 0.035329 0.887869 1.387156 0.322803 0.0 0.0
92.01 0.712247 0.550981 0.434883 0.784406 0.040016 0.848856 1.486223 0.325246 0.0 0.0
92.02 0.712247 0.550981 0.434883 0.784406 0.040016 0.848856 1.486223 0.325246 0.0 0.0
92.03 0.712247 0.550981 0.434883 0.784406 0.040016 0.848856 1.486223 0.325246 0.0 0.0
92.04 0.712247 0.550981 0.434883 0.784406 0.040016 0.848856 1.486223 0.325246 0.0 0.0
92.05 0.712247 0.550981 0.434883 0.784406 0.040016 0.848856 1.486223 0.325246 0.0 0.0
93.01 0.663576 0.584972 0.466342 0.775884 0.037712 1.027711 1.588080 0.361226 0.0 0.0
93.02 0.663576 0.584972 0.466342 0.775884 0.037712 1.027711 1.588080 0.361226 0.0 0.0
93.03 0.663576 0.584972 0.466342 0.775884 0.037712 1.027711 1.588080 0.361226 0.0 0.0
93.04 0.663576 0.584972 0.466342 0.775884 0.037712 1.027711 1.588080 0.361226 0.0 0.0
93.05 0.663576 0.584972 0.466342 0.775884 0.037712 1.027711 1.588080 0.361226 0.0 0.0
94.01 0.655652 0.609770 0.445310 0.772461 0.041617 1.001595 1.415291 0.313222 0.0 0.0
94.02 0.655652 0.609770 0.445310 0.772461 0.041617 1.001595 1.415291 0.313222 0.0 0.0
94.03 0.655652 0.609770 0.445310 0.772461 0.041617 1.001595 1.415291 0.313222 0.0 0.0
94.04 0.655652 0.609770 0.445310 0.772461 0.041617 1.001595 1.415291 0.313222 0.0 0.0
94.05 0.655652 0.609770 0.445310 0.772461 0.041617 1.001595 1.415291 0.313222 0.0 0.0
95.01 0.740435 0.506964 0.441297 0.768576 0.040697 0.988407 1.510448 0.359378 0.0 0.0
95.02 0.740435 0.506964 0.441297 0.768576 0.040697 0.988407 1.510448 0.359378 0.0 0.0
95.03 0.740435 0.506964 0.441297 0.768576 0.040697 0.988407 1.510448 0.359378 0.0 0.0
95.04 0.740435 0.506964 0.441297 0.768576 0.040697 0.988407 1.510448 0.359378 0.0 0.0
95.05 0.740435 0.506964 0.441297 0.768576 0.040697 0.988407 1.510448 0.359378 0.0 0.0
96.01 0.686273 0.585971 0.430892 0.800141 0.035258 0.928066 1.595355 0.378488 0.0 0.0
96.02 0.686273 0.585971 0.430892 0.800141 0.035258 0.928066 1.595355 0.378488 0.0 0.0
96.03 0.686273 0.585971 0.430892 0.800141 0.035258 0.928066 1.595355 0.378488 0.0 0.0
96.04 0.686273 0.585971 0.430892 0.800141 0.035258 0.928066 1.595355 0.378488 0.0 0.0
96.05 0.686273 0.585971 0.430892 0.800141 0.035258 0.928066 1.595355 0.378488 0.0 0.0
97.01 0.717584 0.574213 0.394149 0.719017 0.036907 0.880060 1.395515 0.375624 0.0 0.0
97.02 0.717584 0.574213 0.394149 0.719017 0.036907 0.880060 1.395515 0.375624 0.0 0.0
97.03 0.717584 0.574213 0.394149 0.719017 0.036907 0.880060 1.395515 0.375624 0.0 0.0
97.04 0.717584 0.574213 0.394149 0.719017 0.036907 0.880060 1.395515 0.375624 0.0 0.0
97.05 0.717584 0.574213 0.394149 0.719017 0.036907 0.880060 1.395515 0.375624 0.0 0.0
98.01 0.690233 0.589625 0.419429 0.711213 0.040998 0.999962 1.417531 0.367529 0.0 0.0
98.02 0.690233 0.589625 0.419429 0.711213 0.040998 0.999962 1.417531 0.367529 0.0 0.0
98.03 0.690233 0.589625 0.419429 0.711213 0.040998 0.999962 1.417531 0.367529 0.0 0.0
98.04 0.690233 0.589625 0.419429 0.711213 0.040998 0.999962 1.417531 0.367529 0.0 0.0
98.05 0.690233 0.589625 0.419429 0.711213 0.040998 0.999962 1.417531 0.367529 0.0 0.0
99.01 0.699225 0.554368 0.451398 0.750928 0.040838 0.947179 1.322485 0.336333 0.0 0.0
99.02 0.699225 0.554368 0.451398 0.750928 0.040838 0.947179 1.322485 0.336333 0.0 0.0
99.03 0.699225 0.554368 0.451398 0.750928 0.040838 0.947179 1.322485 0.336333 0.0 0.0
99.04 0.699225 0.554368 0.451398 0.750928 0.040838 0.947179 1.322485 0.336333 0.0 0.0
99.05 0.699225 0.554368 0.451398 0.750928 0.040838 0.947179 1.322485 0.336333 0.0 0.0
100.01 0.649719 0.596520 0.471200 0.807057 0.039856 0.869959 1.388025 0.325068 0.0 0.0
100.02 0.649719 0.596520 0.471200 0.807057 0.039856 0.869959 1.388025 0.325068 0.0 0.0
100.03 0.649719 0.596520 0.471200 0.807057 0.039856 0.869959 1.388025 0.325068 0.0 0.0
100.04 0.649719 0.596520 0.471200 0.807057 0.039856 0.869959 1.388025 0.325068 0.0 0.0
100.05 0.649719 0.596520 0.471200 0.807057 0.039856 0.869959 1.388025 0.325068 0.0 0.0
101.01 0.685194 0.546230 0.481811 0.754426 0.037834 0.915520 1.388481 0.345626 0.0 0.0
101.02 0.685194 0.546230 0.481811 0.754426 0.037834 0.915520 1.388481 0.345626 0.0 0.0
101.03 0.685194 0.546230 0.481811 0.754426 0.037834 0.915520 1.388481 0.345626 0.0 0.0
101.04 0.685194 0.546230 0.481811 0.754426 0.037834 0.915520 1.388481 0.345626 0.0 0.0
101.05 0.685194 0.546230 0.481811 0.754426 0.037834 0.915520 1.388481 0.345626 0.0 0.0
102.01 0.718204 0.565233 0.405826 0.850285 0.035318 0.936523 1.565738 0.353855 0.0 0.0
102.02 0.718204 0.565233 0.405826 0.850285 0.035318 0.936523 1.565738 0.353855 0.0 0.0
102.03 0.718204 0.565233 0.405826 0.850285 0.035318 0.936523 1.565738 0.353855 0.0 0.0
102.04 0.718204 0.565233 0.405826 0.850285 0.035318 0.936523 1.565738 0.353855 0.0 0.0
102.05 0.718204 0.565233 0.405826 0.850285 0.035318 0.936523 1.565738 0.353855 0.0 0.0
103.01 0.716017 0.525154 0.459927 0.821456 0.041806 0.974746 1.457050 0.316038 0.0 0.0
103.02 0.716017 0.525154 0.459927 0.821456 0.041806 0.974746 1.457050 0.316038 0.0 0.0
103.03 0.716017 0.525154 0.459927 0.821456 0.041806 0.974746 1.457050 0.316038 0.0 0.0
103.04 0.716017 0.525154 0.459927 0.821456 0.041806 0.974746 1.457050 0.316038 0.0 0.0
103.05 0.716017 0.525154 0.459927 0.821456 0.041806 0.974746 1.457050 0.316038 0.0 0.0
104.01 0.697407 0.595330 0.399006 0.738825 0.035962 0.905693 1.468352 0.321882 0.0 0.0
104.02 0.697407 0.595330 0.399006 0.738825 0.035962 0.905693 1.468352 0.321882 0.0 0.0
104.03 0.697407 0.595330 0.399006 0.738825 0.035962 0.905693 1.468352 0.321882 0.0 0.0
104.04 0.697407 0.595330 0.399006 0.738825 0.035962 0.905693 1.468352 0.321882 0.0 0.0
104.05 0.697407 0.595330 0.399006 0.738825 0.035962 0.905693 1.468352 0.321882 0.0 0.0
105.01 0.693375 0.595247 0.406095 0.729159 0.041075 0.903158 1.358862 0.371015 0.0 0.0
105.02 0.693375 0.595247 0.406095 0.729159 0.041075 0.903158 1.358862 0.371015 0.0 0.0
105.03 0.693375 0.595247 0.406095 0.729159 0.041075 0.903158 1.358862 0.371015 0.0 0.0
105.04 0.693375 0.595247 0.406095 0.729159 0.041075 0.903158 1.358862 0.371015 0.0 0.0
105.05 0.693375 0.595247 0.406095 0.729159 0.041075 0.903158 1.358862 0.371015 0.0 0.0
106.01 0.717709 0.558138 0.416384 0.822865 0.042008 1.026365 1.525365 0.316948 0.0 0.0
106.02 0.717709 0.558138 0.416384 0.822865 0.042008 1.026365 1.525365 0.316948 0.0 0.0
106.03 0.717709 0.558138 0.416384 0.822865 0.042008 1.026365 1.525365 0.316948 0.0 0.0
106.04 0.717709 0.558138 0.416384 0.822865 0.042008 1.026365 1.525365 0.316948 0.0 0.0
106.05 0.717709 0.558138 0.416384 0.822865 0.042008 1.026365 1.525365 0.316948 0.0 0.0
107.01 0.717565 0.532515 0.448919 0.832031 0.034591 0.901444 1.599973 0.335860 0.0 0.0
107.02 0.717565 0.532515 0.448919 0.832031 0.034591 0.901444 1.599973 0.335860 0.0 0.0
107.03 0.717565 0.532515 0.448919 0.832031 0.034591 0.901444 1.599973 0.335860 0.0 0.0
107.04 0.717565 0.532515 0.448919 0.832031 0.034591 0.901444 1.599973 0.335860 0.0 0.0
107.05 0.717565 0.532515 0.448919 0.832031 0.034591 0.901444 1.599973 0.335860 0.0 0.0
108.01 0.652814 0.597585 0.465539 0.813002 0.037998 0.921341 1.476908 0.328992 0.0 0.0
108.02 0.652814 0.597585 0.465539 0.813002 0.037998 0.921341 1.476908 0.328992 0.0 0.0
108.03 0.652814 0.597585 0.465539 0.813002 0.037998 0.921341 1.476908 0.328992 0.0 0.0
108.04 0.652814 0.597585 0.465539 0.813002 0.037998 0.921341 1.476908 0.328992 0.0 0.0
108.05 0.652814 0.597585 0.465539 0.813002 0.037998 0.921341 1.476908 0.328992 0.0 0.0
109.01 0.660548 0.616053 0.429132 0.792478 0.040468 0.841893 1.538126 0.332123 0.0 0.0
109.02 0.660548 0.616053 0.429132 0.792478 0.040468 0.841893 1.538126 0.332123 0.0 0.0
109.03 0.660548 0.616053 0.429132 0.792478 0.040468 0.841893 1.538126 0.332123 0.0 0.0
109.04 0.660548 0.616053 0.429132 0.792478 0.040468 0.841893 1.538126 0.332123 0.0 0.0
109.05 0.660548 0.616053 0.429132 0.792478 0.040468 0.841893 1.538126 0.332123 0.0 0.0
110.01 0.685958 0.586662 0.430453 0.791783 0.037371 0.895022 1.490998 0.333240 0.0 0.0
110.02 0.685958 0.586662 0.430453 0.791783 0.037371 0.895022 1.490998 0.333240 0.0 0.0
110.03 0.685958 0.586662 0.430453 0.791783 0.037371 0.895022 1.490998 0.333240 0.0 0.0
110.04 0.685958 0.586662 0.430453 0.791783 0.037371 0.895022 1.490998 0.333240 0.0 0.0
110.05 0.685958 0.586662 0.430453 0.791783 0.037371 0.895022 1.490998 0.333240 0.0 0.0
111.01 0.707666 0.582631 0.399688 0.837274 0.039731 0.960958 1.357372 0.366450 0.0 0.0
111.02 0.707666 0.582631 0.399688 0.837274 0.039731 0.960958 1.357372 0.366450 0.0 0.0
111.03 0.707666 0.582631 0.399688 0.837274 0.039731 0.960958 1.357372 0.366450 0.0 0.0
111.04 0.707666 0.582631 0.399688 0.837274 0.039731 0.960958 1.357372 0.366450 0.0 0.0
111.05 0.707666 0.582631 0.399688 0.837274 0.039731 0.960958 1.357372 0.366450 0.0 0.0
112.01 0.698594 0.550625 0.456923 0.837566 0.035538 0.873771 1.548705 0.319583 0.0 0.0
112.02 0.698594 0.550625 0.456923 0.837566 0.035538 0.873771 1.548705 0.319583 0.0 0.0
112.03 0.698594 0.550625 0.456923 0.837566 0.035538 0.873771 1.548705 0.319583 0.0 0.0
112.04 0.698594 0.550625 0.456923 0.837566 0.035538 0.873771 1.548705 0.319583 0.0 0.0
112.05 0.698594 0.550625 0.456923 0.837566 0.035538 0.873771 1.548705 0.319583 0.0 0.0
113.01 0.663351 0.578267 0.474945 0.765525 0.037923 0.989326 1.576382 0.368597 0.0 0.0
113.02 0.663351 0.578267 0.474945 0.765525 0.037923 0.989326 1.576382 0.368597 0.0 0.0
113.03 0.663351 0.578267 0.474945 0.765525 0.037923 0.989326 1.576382 0.368597 0.0 0.0
113.04 0.663351 0.578267 0.474945 0.765525 0.037923 0.989326 1.576382 0.368597 0.0 0.0
113.05 0.663351 0.578267 0.474945 0.765525 0.037923 0.989326 1.576382 0.368597 0.0 0.0
114.01 0.703226 0.582603 0.407489 0.828445 0.041001 0.908786 1.547520 0.377068 0.0 0.0
114.02 0.703226 0.582603 0.407489 0.828445 0.041001 0.908786 1.547520 0.377068 0.0 0.0
114.03 0.703226 0.582603 0.407489 0.828445 0.041001 0.908786 1.547520 0.377068 0.0 0.0
114.04 0.703226 0.582603 0.407489 0.828445 0.041001 0.908786 1.547520 0.377068 0.0 0.0
114.05 0.703226 0.582603 0.407489 0.828445 0.041001 0.908786 1.547520 0.377068 0.0 0.0
115.01 0.709951 0.555096 0.433404 0.727214 0.041427 0.993401 1.530353 0.310533 0.0 0.0
115.02 0.709951 0.555096 0.433404 0.727214 0.041427 0.993401 1.530353 0.310533 0.0 0.0
115.03 0.709951 0.555096 0.433404 0.727214 0.041427 0.993401 1.530353 0.310533 0.0 0.0
115.04 0.709951 0.555096 0.433404 0.727214 0.041427 0.993401 1.530353 0.310533 0.0 0.0
115.05 0.709951 0.555096 0.433404 0.727214 0.041427 0.993401 1.530353 0.310533 0.0 0.0
116.01 0.707411 0.535685 0.461098 0.834902 0.040246 0.857053 1.490037 0.344733 0.0 0.0
116.02 0.707411 0.535685 0.461098 0.834902 0.040246 0.857053 1.490037 0.344733 0.0 0.0
116.03 0.707411 0.535685 0.461098 0.834902 0.040246 0.857053 1.490037 0.344733 0.0 0.0
116.04 0.707411 0.535685 0.461098 0.834902 0.040246 0.857053 1.490037 0.344733 0.0 0.0
116.05 0.707411 0.535685 0.461098 0.834902 0.040246 0.857053 1.490037 0.344733 0.0 0.0
117.01 0.702553 0.560076 0.439014 0.787314 0.034861 0.958217 1.474143 0.365632 0.0 0.0
117.02 0.702553 0.560076 0.439014 0.787314 0.034861 0.958217 1.474143 0.365632 0.0 0.0
117.03 0.702553 0.560076 0.439014 0.787314 0.034861 0.958217 1.474143 0.365632 0.0 0.0
117.04 0.702553 0.560076 0.439014 0.787314 0.034861 0.958217 1.474143 0.365632 0.0 0.0
117.05 0.702553 0.560076 0.439014 0.787314 0.034861 0.958217 1.474143 0.365632 0.0 0.0
118.01 0.642700 0.628006 0.438800 0.807842 0.038754 0.914675 1.423278 0.364816 0.0 0.0
118.02 0.642700 0.628006 0.438800 0.807842 0.038754 0.914675 1.423278 0.364816 0.0 0.0
118.03 0.642700 0.628006 0.438800 0.807842 0.038754 0.914675 1.423278 0.364816 0.0 0.0
118.04 0.642700 0.628006 0.438800 0.807842 0.038754 0.914675 1.423278 0.364816 0.0 0.0
118.05 0.642700 0.628006 0.438800 0.807842 0.038754 0.914675 1.423278 0.364816 0.0 0.0
119.01 0.674381 0.589135 0.445118 0.825460 0.042128 1.005086 1.538642 0.309891 0.0 0.0
119.02 0.674381 0.589135 0.445118 0.825460 0.042128 1.005086 1.538642 0.309891 0.0 0.0
119.03 0.674381 0.589135 0.445118 0.825460 0.042128 1.005086 1.538642 0.309891 0.0 0.0
119.04 0.674381 0.589135 0.445118 0.825460 0.042128 1.005086 1.538642 0.309891 0.0 0.0
119.05 0.674381 0.589135 0.445118 0.825460 0.042128 1.005086 1.538642 0.309891 0.0 0.0
