0.01 0.428528 0.807033 0.406278 1.339287 0.133355 0.347844 0.109461 1.389519 0.0 0.0
0.02 0.428528 0.807033 0.406278 1.339287 0.133355 0.347844 0.109461 1.389519 0.0 0.0
0.03 0.428528 0.807033 0.406278 1.339287 0.133355 0.347844 0.109461 1.389519 0.0 0.0
0.04 0.428528 0.807033 0.406278 1.339287 0.133355 0.347844 0.109461 1.389519 0.0 0.0
0.05 0.428528 0.807033 0.406278 1.339287 0.133355 0.347844 0.109461 1.389519 0.0 0.0
1.01 0.223576 0.761743 0.608080 0.300647 0.866414 1.250340 1.475180 0.837724 0.0 0.0
1.02 0.223576 0.761743 0.608080 0.300647 0.866414 1.250340 1.475180 0.837724 0.0 0.0
1.03 0.223576 0.761743 0.608080 0.300647 0.866414 1.250340 1.475180 0.837724 0.0 0.0
1.04 0.223576 0.761743 0.608080 0.300647 0.866414 1.250340 1.475180 0.837724 0.0 0.0
1.05 0.223576 0.761743 0.608080 0.300647 0.866414 1.250340 1.475180 0.837724 0.0 0.0
2.01 0.806359 0.151381 0.571724 0.881904 1.272282 0.336083 1.349267 1.076844 0.0 0.0
2.02 0.806359 0.151381 0.571724 0.881904 1.272282 0.336083 1.349267 1.076844 0.0 0.0
2.03 0.806359 0.151381 0.571724 0.881904 1.272282 0.336083 1.349267 1.076844 0.0 0.0
2.04 0.806359 0.151381 0.571724 0.881904 1.272282 0.336083 1.349267 1.076844 0.0 0.0
2.05 0.806359 0.151381 0.571724 0.881904 1.272282 0.336083 1.349267 1.076844 0.0 0.0
3.01 0.876819 0.307494 0.369643 0.501922 1.429124 1.239641 1.087559 0.551606 0.0 0.0
3.02 0.876819 0.307494 0.369643 0.501922 1.429124 1.239641 1.087559 0.551606 0.0 0.0
3.03 0.876819 0.307494 0.369643 0.501922 1.429124 1.239641 1.087559 0.551606 0.0 0.0
3.04 0.876819 0.307494 0.369643 0.501922 1.429124 1.239641 1.087559 0.551606 0.0 0.0
3.05 0.876819 0.307494 0.369643 0.501922 1.429124 1.239641 1.087559 0.551606 0.0 0.0
4.01 0.487689 0.731480 0.476547 0.839669 0.434257 0.492629 0.603706 1.028996 0.0 0.0
4.02 0.487689 0.731480 0.476547 0.839669 0.434257 0.492629 0.603706 1.028996 0.0 0.0
4.03 0.487689 0.731480 0.476547 0.839669 0.434257 0.492629 0.603706 1.028996 0.0 0.0
4.04 0.487689 0.731480 0.476547 0.839669 0.434257 0.492629 0.603706 1.028996 0.0 0.0
4.05 0.487689 0.731480 0.476547 0.839669 0.434257 0.492629 0.603706 1.028996 0.0 0.0
5.01 0.202005 0.473313 0.857420 1.020873 1.195302 0.456711 0.458571 0.455952 0.0 0.0
5.02 0.202005 0.473313 0.857420 1.020873 1.195302 0.456711 0.458571 0.455952 0.0 0.0
5.03 0.202005 0.473313 0.857420 1.020873 1.195302 0.456711 0.458571 0.455952 0.0 0.0
5.04 0.202005 0.473313 0.857420 1.020873 1.195302 0.456711 0.458571 0.455952 0.0 0.0
5.05 0.202005 0.473313 0.857420 1.020873 1.195302 0.456711 0.458571 0.455952 0.0 0.0
6.01 0.803744 0.548975 0.229394 0.988338 0.406908 0.174809 0.189811 0.984071 0.0 0.0
6.02 0.803744 0.548975 0.229394 0.988338 0.406908 0.174809 0.189811 0.984071 0.0 0.0
6.03 0.803744 0.548975 0.229394 0.988338 0.406908 0.174809 0.189811 0.984071 0.0 0.0
6.04 0.803744 0.548975 0.229394 0.988338 0.406908 0.174809 0.189811 0.984071 0.0 0.0
6.05 0.803744 0.548975 0.229394 0.988338 0.406908 0.174809 0.189811 0.984071 0.0 0.0
7.01 0.808658 0.305814 0.502543 0.873727 1.444189 1.461835 0.057719 1.139759 0.0 0.0
7.02 0.808658 0.305814 0.502543 0.873727 1.444189 1.461835 0.057719 1.139759 0.0 0.0
7.03 0.808658 0.305814 0.502543 0.873727 1.444189 1.461835 0.057719 1.139759 0.0 0.0
7.04 0.808658 0.305814 0.502543 0.873727 1.444189 1.461835 0.057719 1.139759 0.0 0.0
7.05 0.808658 0.305814 0.502543 0.873727 1.444189 1.461835 0.057719 1.139759 0.0 0.0
8.01 0.609877 0.616404 0.498092 1.121596 1.031688 0.525545 1.168496 1.534389 0.0 0.0
8.02 0.609877 0.616404 0.498092 1.121596 1.031688 0.525545 1.168496 1.534389 0.0 0.0
8.03 0.609877 0.616404 0.498092 1.121596 1.031688 0.525545 1.168496 1.534389 0.0 0.0
8.04 0.609877 0.616404 0.498092 1.121596 1.031688 0.525545 1.168496 1.534389 0.0 0.0
8.05 0.609877 0.616404 0.498092 1.121596 1.031688 0.525545 1.168496 1.534389 0.0 0.0
9.01 0.614330 0.487849 0.620163 1.480910 1.255349 0.187483 0.187100 1.098143 0.0 0.0
9.02 0.614330 0.487849 0.620163 1.480910 1.255349 0.187483 0.187100 1.098143 0.0 0.0
9.03 0.614330 0.487849 0.620163 1.480910 1.255349 0.187483 0.187100 1.098143 0.0 0.0
9.04 0.614330 0.487849 0.620163 1.480910 1.255349 0.187483 0.187100 1.098143 0.0 0.0
9.05 0.614330 0.487849 0.620163 1.480910 1.255349 0.187483 0.187100 1.098143 0.0 0.0
10.01 0.629308 0.528471 0.569816 0.984006 1.431110 1.271504 0.434836 1.196090 0.0 0.0
10.02 0.629308 0.528471 0.569816 0.984006 1.431110 1.271504 0.434836 1.196090 0.0 0.0
10.03 0.629308 0.528471 0.569816 0.984006 1.431110 1.271504 0.434836 1.196090 0.0 0.0
10.04 0.629308 0.528471 0.569816 0.984006 1.431110 1.271504 0.434836 1.196090 0.0 0.0
10.05 0.629308 0.528471 0.569816 0.984006 1.431110 1.271504 0.434836 1.196090 0.0 0.0
11.01 0.544531 0.477859 0.689301 0.827683 0.235417 0.354582 1.521308 0.413903 0.0 0.0
11.02 0.544531 0.477859 0.689301 0.827683 0.235417 0.354582 1.521308 0.413903 0.0 0.0
11.03 0.544531 0.477859 0.689301 0.827683 0.235417 0.354582 1.521308 0.413903 0.0 0.0
11.04 0.544531 0.477859 0.689301 0.827683 0.235417 0.354582 1.521308 0.413903 0.0 0.0
11.05 0.544531 0.477859 0.689301 0.827683 0.235417 0.354582 1.521308 0.413903 0.0 0.0
12.01 0.936528 0.135201 0.323474 0.415742 0.190361 1.287348 1.222608 0.686814 0.0 0.0
12.02 0.936528 0.135201 0.323474 0.415742 0.190361 1.287348 1.222608 0.686814 0.0 0.0
12.03 0.936528 0.135201 0.323474 0.415742 0.190361 1.287348 1.222608 0.686814 0.0 0.0
12.04 0.936528 0.135201 0.323474 0.415742 0.190361 1.287348 1.222608 0.686814 0.0 0.0
12.05 0.936528 0.135201 0.323474 0.415742 0.190361 1.287348 1.222608 0.686814 0.0 0.0
13.01 0.808827 0.399851 0.431182 0.896209 0.122094 1.354940 0.955167 0.432588 0.0 0.0
13.02 0.808827 0.399851 0.431182 0.896209 0.122094 1.354940 0.955167 0.432588 0.0 0.0
13.03 0.808827 0.399851 0.431182 0.896209 0.122094 1.354940 0.955167 0.432588 0.0 0.0
13.04 0.808827 0.399851 0.431182 0.896209 0.122094 1.354940 0.955167 0.432588 0.0 0.0
13.05 0.808827 0.399851 0.431182 0.896209 0.122094 1.354940 0.955167 0.432588 0.0 0.0
14.01 0.610785 0.513281 0.602897 0.064330 0.742640 0.770580 0.088583 1.432842 0.0 0.0
14.02 0.610785 0.513281 0.602897 0.064330 0.742640 0.770580 0.088583 1.432842 0.0 0.0
14.03 0.610785 0.513281 0.602897 0.064330 0.742640 0.770580 0.088583 1.432842 0.0 0.0
14.04 0.610785 0.513281 0.602897 0.064330 0.742640 0.770580 0.088583 1.432842 0.0 0.0
14.05 0.610785 0.513281 0.602897 0.064330 0.742640 0.770580 0.088583 1.432842 0.0 0.0
15.01 0.606381 0.634013 0.479927 1.457133 1.482938 1.345183 1.016866 0.551657 0.0 0.0
15.02 0.606381 0.634013 0.479927 1.457133 1.482938 1.345183 1.016866 0.551657 0.0 0.0
15.03 0.606381 0.634013 0.479927 1.457133 1.482938 1.345183 1.016866 0.551657 0.0 0.0
15.04 0.606381 0.634013 0.479927 1.457133 1.482938 1.345183 1.016866 0.551657 0.0 0.0
15.05 0.606381 0.634013 0.479927 1.457133 1.482938 1.345183 1.016866 0.551657 0.0 0.0
16.01 0.613410 0.787793 0.055767 0.639142 1.330492 0.243759 1.378884 0.965508 0.0 0.0
16.02 0.613410 0.787793 0.055767 0.639142 1.330492 0.243759 1.378884 0.965508 0.0 0.0
16.03 0.613410 0.787793 0.055767 0.639142 1.330492 0.243759 1.378884 0.965508 0.0 0.0
16.04 0.613410 0.787793 0.055767 0.639142 1.330492 0.243759 1.378884 0.965508 0.0 0.0
16.05 0.613410 0.787793 0.055767 0.639142 1.330492 0.243759 1.378884 0.965508 0.0 0.0
17.01 0.278940 0.722881 0.632168 0.123887 1.157301 0.113686 1.434399 0.755505 0.0 0.0
17.02 0.278940 0.722881 0.632168 0.123887 1.157301 0.113686 1.434399 0.755505 0.0 0.0
17.03 0.278940 0.722881 0.632168 0.123887 1.157301 0.113686 1.434399 0.755505 0.0 0.0
17.04 0.278940 0.722881 0.632168 0.123887 1.157301 0.113686 1.434399 0.755505 0.0 0.0
17.05 0.278940 0.722881 0.632168 0.123887 1.157301 0.113686 1.434399 0.755505 0.0 0.0
18.01 0.587649 0.719561 0.370000 0.791323 0.576386 1.279523 1.196847 1.545049 0.0 0.0
18.02 0.587649 0.719561 0.370000 0.791323 0.576386 1.279523 1.196847 1.545049 0.0 0.0
18.03 0.587649 0.719561 0.370000 0.791323 0.576386 1.279523 1.196847 1.545049 0.0 0.0
18.04 0.587649 0.719561 0.370000 0.791323 0.576386 1.279523 1.196847 1.545049 0.0 0.0
18.05 0.587649 0.719561 0.370000 0.791323 0.576386 1.279523 1.196847 1.545049 0.0 0.0
19.01 0.663794 0.693087 0.281084 0.067152 1.326670 1.093855 0.703521 0.308679 0.0 0.0
19.02 0.663794 0.693087 0.281084 0.067152 1.326670 1.093855 0.703521 0.308679 0.0 0.0
19.03 0.663794 0.693087 0.281084 0.067152 1.326670 1.093855 0.703521 0.308679 0.0 0.0
19.04 0.663794 0.693087 0.281084 0.067152 1.326670 1.093855 0.703521 0.308679 0.0 0.0
19.05 0.663794 0.693087 0.281084 0.067152 1.326670 1.093855 0.703521 0.308679 0.0 0.0
20.01 0.324204 0.759814 0.563538 0.132979 1.524982 0.274202 0.050135 1.497500 0.0 0.0
20.02 0.324204 0.759814 0.563538 0.132979 1.524982 0.274202 0.050135 1.497500 0.0 0.0
20.03 0.324204 0.759814 0.563538 0.132979 1.524982 0.274202 0.050135 1.497500 0.0 0.0
20.04 0.324204 0.759814 0.563538 0.132979 1.524982 0.274202 0.050135 1.497500 0.0 0.0
20.05 0.324204 0.759814 0.563538 0.132979 1.524982 0.274202 0.050135 1.497500 0.0 0.0
21.01 0.515512 0.703884 0.488666 1.011479 0.778585 1.497532 1.540307 0.646669 0.0 0.0
21.02 0.515512 0.703884 0.488666 1.011479 0.778585 1.497532 1.540307 0.646669 0.0 0.0
21.03 0.515512 0.703884 0.488666 1.011479 0.778585 1.497532 1.540307 0.646669 0.0 0.0
21.04 0.515512 0.703884 0.488666 1.011479 0.778585 1.497532 1.540307 0.646669 0.0 0.0
21.05 0.515512 0.703884 0.488666 1.011479 0.778585 1.497532 1.540307 0.646669 0.0 0.0
22.01 0.370956 0.346527 0.861574 1.197154 0.502765 0.427691 1.037564 0.693388 0.0 0.0
22.02 0.370956 0.346527 0.861574 1.197154 0.502765 0.427691 1.037564 0.693388 0.0 0.0
22.03 0.370956 0.346527 0.861574 1.197154 0.502765 0.427691 1.037564 0.693388 0.0 0.0
22.04 0.370956 0.346527 0.861574 1.197154 0.502765 0.427691 1.037564 0.693388 0.0 0.0
22.05 0.370956 0.346527 0.861574 1.197154 0.502765 0.427691 1.037564 0.693388 0.0 0.0
23.01 0.818640 0.148539 0.554765 1.282221 0.589679 1.206279 0.477847 0.782148 0.0 0.0
23.02 0.818640 0.148539 0.554765 1.282221 0.589679 1.206279 0.477847 0.782148 0.0 0.0
23.03 0.818640 0.148539 0.554765 1.282221 0.589679 1.206279 0.477847 0.782148 0.0 0.0
23.04 0.818640 0.148539 0.554765 1.282221 0.589679 1.206279 0.477847 0.782148 0.0 0.0
23.05 0.818640 0.148539 0.554765 1.282221 0.589679 1.206279 0.477847 0.782148 0.0 0.0
24.01 0.874939 0.440164 0.201835 1.475362 0.524873 0.868570 0.294264 0.336200 0.0 0.0
24.02 0.874939 0.440164 0.201835 1.475362 0.524873 0.868570 0.294264 0.336200 0.0 0.0
24.03 0.874939 0.440164 0.201835 1.475362 0.524873 0.868570 0.294264 0.336200 0.0 0.0
24.04 0.874939 0.440164 0.201835 1.475362 0.524873 0.868570 0.294264 0.336200 0.0 0.0
24.05 0.874939 0.440164 0.201835 1.475362 0.524873 0.868570 0.294264 0.336200 0.0 0.0
25.01 0.978007 0.201855 0.052502 0.403301 1.527449 0.761403 1.264020 1.249536 0.0 0.0
25.02 0.978007 0.201855 0.052502 0.403301 1.527449 0.761403 1.264020 1.249536 0.0 0.0
25.03 0.978007 0.201855 0.052502 0.403301 1.527449 0.761403 1.264020 1.249536 0.0 0.0
25.04 0.978007 0.201855 0.052502 0.403301 1.527449 0.761403 1.264020 1.249536 0.0 0.0
25.05 0.978007 0.201855 0.052502 0.403301 1.527449 0.761403 1.264020 1.249536 0.0 0.0
26.01 0.460744 0.740302 0.489560 1.022197 0.999483 0.733039 0.702954 0.954839 0.0 0.0
26.02 0.460744 0.740302 0.489560 1.022197 0.999483 0.733039 0.702954 0.954839 0.0 0.0
26.03 0.460744 0.740302 0.489560 1.022197 0.999483 0.733039 0.702954 0.954839 0.0 0.0
26.04 0.460744 0.740302 0.489560 1.022197 0.999483 0.733039 0.702954 0.954839 0.0 0.0
26.05 0.460744 0.740302 0.489560 1.022197 0.999483 0.733039 0.702954 0.954839 0.0 0.0
27.01 0.703816 0.354966 0.615338 0.338142 0.084587 0.137291 0.644486 1.139603 0.0 0.0
27.02 0.703816 0.354966 0.615338 0.338142 0.084587 0.137291 0.644486 1.139603 0.0 0.0
27.03 0.703816 0.354966 0.615338 0.338142 0.084587 0.137291 0.644486 1.139603 0.0 0.0
27.04 0.703816 0.354966 0.615338 0.338142 0.084587 0.137291 0.644486 1.139603 0.0 0.0
27.05 0.703816 0.354966 0.615338 0.338142 0.084587 0.137291 0.644486 1.139603 0.0 0.0
28.01 0.472669 0.499916 0.725719 0.955223 0.328977 0.432442 0.498426 1.107221 0.0 0.0
28.02 0.472669 0.499916 0.725719 0.955223 0.328977 0.432442 0.498426 1.107221 0.0 0.0
28.03 0.472669 0.499916 0.725719 0.955223 0.328977 0.432442 0.498426 1.107221 0.0 0.0
28.04 0.472669 0.499916 0.725719 0.955223 0.328977 0.432442 0.498426 1.107221 0.0 0.0
28.05 0.472669 0.499916 0.725719 0.955223 0.328977 0.432442 0.498426 1.107221 0.0 0.0
29.01 0.263148 0.823249 0.503005 0.228231 0.640671 0.095441 0.007752 0.130410 0.0 0.0
29.02 0.263148 0.823249 0.503005 0.228231 0.640671 0.095441 0.007752 0.130410 0.0 0.0
29.03 0.263148 0.823249 0.503005 0.228231 0.640671 0.095441 0.007752 0.130410 0.0 0.0
29.04 0.263148 0.823249 0.503005 0.228231 0.640671 0.095441 0.007752 0.130410 0.0 0.0
29.05 0.263148 0.823249 0.503005 0.228231 0.640671 0.095441 0.007752 0.130410 0.0 0.0
