0.01 0.346858 0.687757 0.637714 1.535741 1.337896 1.097898 0.014686 0.673498 0.0 0.0
0.02 0.346858 0.687757 0.637714 1.535741 1.337896 1.097898 0.014686 0.673498 0.0 0.0
0.03 0.346858 0.687757 0.637714 1.535741 1.337896 1.097898 0.014686 0.673498 0.0 0.0
0.04 0.346858 0.687757 0.637714 1.535741 1.337896 1.097898 0.014686 0.673498 0.0 0.0
0.05 0.346858 0.687757 0.637714 1.535741 1.337896 1.097898 0.014686 0.673498 0.0 0.0
1.01 0.699985 0.219918 0.679453 1.310323 0.573915 0.007678 0.775155 1.110906 0.0 0.0
1.02 0.699985 0.219918 0.679453 1.310323 0.573915 0.007678 0.775155 1.110906 0.0 0.0
1.03 0.699985 0.219918 0.679453 1.310323 0.573915 0.007678 0.775155 1.110906 0.0 0.0
1.04 0.699985 0.219918 0.679453 1.310323 0.573915 0.007678 0.775155 1.110906 0.0 0.0
1.05 0.699985 0.219918 0.679453 1.310323 0.573915 0.007678 0.775155 1.110906 0.0 0.0
2.01 0.380766 0.468031 0.797473 1.248465 1.028026 1.501792 1.202535 0.159370 0.0 0.0
2.02 0.380766 0.468031 0.797473 1.248465 1.028026 1.501792 1.202535 0.159370 0.0 0.0
2.03 0.380766 0.468031 0.797473 1.248465 1.028026 1.501792 1.202535 0.159370 0.0 0.0
2.04 0.380766 0.468031 0.797473 1.248465 1.028026 1.501792 1.202535 0.159370 0.0 0.0
2.05 0.380766 0.468031 0.797473 1.248465 1.028026 1.501792 1.202535 0.159370 0.0 0.0
3.01 0.891896 0.203134 0.404052 0.728357 1.153932 1.173901 0.597540 0.374406 0.0 0.0
3.02 0.891896 0.203134 0.404052 0.728357 1.153932 1.173901 0.597540 0.374406 0.0 0.0
3.03 0.891896 0.203134 0.404052 0.728357 1.153932 1.173901 0.597540 0.374406 0.0 0.0
3.04 0.891896 0.203134 0.404052 0.728357 1.153932 1.173901 0.597540 0.374406 0.0 0.0
3.05 0.891896 0.203134 0.404052 0.728357 1.153932 1.173901 0.597540 0.374406 0.0 0.0
4.01 0.106079 0.380377 0.918728 1.265427 1.151540 0.081428 0.711963 0.648533 0.0 0.0
4.02 0.106079 0.380377 0.918728 1.265427 1.151540 0.081428 0.711963 0.648533 0.0 0.0
4.03 0.106079 0.380377 0.918728 1.265427 1.151540 0.081428 0.711963 0.648533 0.0 0.0
4.04 0.106079 0.380377 0.918728 1.265427 1.151540 0.081428 0.711963 0.648533 0.0 0.0
4.05 0.106079 0.380377 0.918728 1.265427 1.151540 0.081428 0.711963 0.648533 0.0 0.0
5.01 0.097416 0.653612 0.750534 0.862412 0.675247 1.317366 0.096073 0.906140 0.0 0.0
5.02 0.097416 0.653612 0.750534 0.862412 0.675247 1.317366 0.096073 0.906140 0.0 0.0
5.03 0.097416 0.653612 0.750534 0.862412 0.675247 1.317366 0.096073 0.906140 0.0 0.0
5.04 0.097416 0.653612 0.750534 0.862412 0.675247 1.317366 0.096073 0.906140 0.0 0.0
5.05 0.097416 0.653612 0.750534 0.862412 0.675247 1.317366 0.096073 0.906140 0.0 0.0
6.01 0.718966 0.380542 0.581615 1.366220 0.485392 0.527504 0.651869 0.128973 0.0 0.0
6.02 0.718966 0.380542 0.581615 1.366220 0.485392 0.527504 0.651869 0.128973 0.0 0.0
6.03 0.718966 0.380542 0.581615 1.366220 0.485392 0.527504 0.651869 0.128973 0.0 0.0
6.04 0.718966 0.380542 0.581615 1.366220 0.485392 0.527504 0.651869 0.128973 0.0 0.0
6.05 0.718966 0.380542 0.581615 1.366220 0.485392 0.527504 0.651869 0.128973 0.0 0.0
7.01 0.887256 0.115850 0.446492 1.478270 0.955625 0.924491 0.760701 1.261442 0.0 0.0
7.02 0.887256 0.115850 0.446492 1.478270 0.955625 0.924491 0.760701 1.261442 0.0 0.0
7.03 0.887256 0.115850 0.446492 1.478270 0.955625 0.924491 0.760701 1.261442 0.0 0.0
7.04 0.887256 0.115850 0.446492 1.478270 0.955625 0.924491 0.760701 1.261442 0.0 0.0
7.05 0.887256 0.115850 0.446492 1.478270 0.955625 0.924491 0.760701 1.261442 0.0 0.0
8.01 0.658829 0.479887 0.579355 0.196103 0.016035 0.775887 1.348767 0.918339 0.0 0.0
8.02 0.658829 0.479887 0.579355 0.196103 0.016035 0.775887 1.348767 0.918339 0.0 0.0
8.03 0.658829 0.479887 0.579355 0.196103 0.016035 0.775887 1.348767 0.918339 0.0 0.0
8.04 0.658829 0.479887 0.579355 0.196103 0.016035 0.775887 1.348767 0.918339 0.0 0.0
8.05 0.658829 0.479887 0.579355 0.196103 0.016035 0.775887 1.348767 0.918339 0.0 0.0
9.01 0.138396 0.051171 0.989054 1.313870 1.205624 0.664967 0.757723 0.429054 0.0 0.0
9.02 0.138396 0.051171 0.989054 1.313870 1.205624 0.664967 0.757723 0.429054 0.0 0.0
9.03 0.138396 0.051171 0.989054 1.313870 1.205624 0.664967 0.757723 0.429054 0.0 0.0
9.04 0.138396 0.051171 0.989054 1.313870 1.205624 0.664967 0.757723 0.429054 0.0 0.0
9.05 0.138396 0.051171 0.989054 1.313870 1.205624 0.664967 0.757723 0.429054 0.0 0.0
10.01 0.066965 0.764371 0.641290 1.145057 1.372616 0.711220 0.099089 0.913215 0.0 0.0
10.02 0.066965 0.764371 0.641290 1.145057 1.372616 0.711220 0.099089 0.913215 0.0 0.0
10.03 0.066965 0.764371 0.641290 1.145057 1.372616 0.711220 0.099089 0.913215 0.0 0.0
10.04 0.066965 0.764371 0.641290 1.145057 1.372616 0.711220 0.099089 0.913215 0.0 0.0
10.05 0.066965 0.764371 0.641290 1.145057 1.372616 0.711220 0.099089 0.913215 0.0 0.0
11.01 0.429885 0.401876 0.808514 0.914168 0.236765 1.044305 1.323964 0.452953 0.0 0.0
11.02 0.429885 0.401876 0.808514 0.914168 0.236765 1.044305 1.323964 0.452953 0.0 0.0
11.03 0.429885 0.401876 0.808514 0.914168 0.236765 1.044305 1.323964 0.452953 0.0 0.0
11.04 0.429885 0.401876 0.808514 0.914168 0.236765 1.044305 1.323964 0.452953 0.0 0.0
11.05 0.429885 0.401876 0.808514 0.914168 0.236765 1.044305 1.323964 0.452953 0.0 0.0
12.01 0.706549 0.666562 0.237662 0.350531 1.453161 0.662028 1.300736 0.787913 0.0 0.0
12.02 0.706549 0.666562 0.237662 0.350531 1.453161 0.662028 1.300736 0.787913 0.0 0.0
12.03 0.706549 0.666562 0.237662 0.350531 1.453161 0.662028 1.300736 0.787913 0.0 0.0
12.04 0.706549 0.666562 0.237662 0.350531 1.453161 0.662028 1.300736 0.787913 0.0 0.0
12.05 0.706549 0.666562 0.237662 0.350531 1.453161 0.662028 1.300736 0.787913 0.0 0.0
13.01 0.242546 0.881997 0.404046 1.244196 1.062332 0.496172 1.306546 0.784202 0.0 0.0
13.02 0.242546 0.881997 0.404046 1.244196 1.062332 0.496172 1.306546 0.784202 0.0 0.0
13.03 0.242546 0.881997 0.404046 1.244196 1.062332 0.496172 1.306546 0.784202 0.0 0.0
13.04 0.242546 0.881997 0.404046 1.244196 1.062332 0.496172 1.306546 0.784202 0.0 0.0
13.05 0.242546 0.881997 0.404046 1.244196 1.062332 0.496172 1.306546 0.784202 0.0 0.0
14.01 0.566409 0.787820 0.241909 1.318276 0.928514 0.187373 0.875110 0.814227 0.0 0.0
14.02 0.566409 0.787820 0.241909 1.318276 0.928514 0.187373 0.875110 0.814227 0.0 0.0
14.03 0.566409 0.787820 0.241909 1.318276 0.928514 0.187373 0.875110 0.814227 0.0 0.0
14.04 0.566409 0.787820 0.241909 1.318276 0.928514 0.187373 0.875110 0.814227 0.0 0.0
14.05 0.566409 0.787820 0.241909 1.318276 0.928514 0.187373 0.875110 0.814227 0.0 0.0
15.01 0.021457 0.872862 0.487495 0.304506 0.560884 1.470089 1.502951 0.843830 0.0 0.0
15.02 0.021457 0.872862 0.487495 0.304506 0.560884 1.470089 1.502951 0.843830 0.0 0.0
15.03 0.021457 0.872862 0.487495 0.304506 0.560884 1.470089 1.502951 0.843830 0.0 0.0
15.04 0.021457 0.872862 0.487495 0.304506 0.560884 1.470089 1.502951 0.843830 0.0 0.0
15.05 0.021457 0.872862 0.487495 0.304506 0.560884 1.470089 1.502951 0.843830 0.0 0.0
16.01 0.670193 0.366193 0.645557 0.310442 0.372484 1.349730 0.221706 1.406688 0.0 0.0
16.02 0.670193 0.366193 0.645557 0.310442 0.372484 1.349730 0.221706 1.406688 0.0 0.0
16.03 0.670193 0.366193 0.645557 0.310442 0.372484 1.349730 0.221706 1.406688 0.0 0.0
16.04 0.670193 0.366193 0.645557 0.310442 0.372484 1.349730 0.221706 1.406688 0.0 0.0
16.05 0.670193 0.366193 0.645557 0.310442 0.372484 1.349730 0.221706 1.406688 0.0 0.0
17.01 0.228549 0.675104 0.701427 1.381967 0.662253 0.216150 0.966246 0.764211 0.0 0.0
17.02 0.228549 0.675104 0.701427 1.381967 0.662253 0.216150 0.966246 0.764211 0.0 0.0
17.03 0.228549 0.675104 0.701427 1.381967 0.662253 0.216150 0.966246 0.764211 0.0 0.0
17.04 0.228549 0.675104 0.701427 1.381967 0.662253 0.216150 0.966246 0.764211 0.0 0.0
17.05 0.228549 0.675104 0.701427 1.381967 0.662253 0.216150 0.966246 0.764211 0.0 0.0
18.01 0.460577 0.778413 0.426547 0.974704 0.435619 0.053457 0.397487 0.859993 0.0 0.0
18.02 0.460577 0.778413 0.426547 0.974704 0.435619 0.053457 0.397487 0.859993 0.0 0.0
18.03 0.460577 0.778413 0.426547 0.974704 0.435619 0.053457 0.397487 0.859993 0.0 0.0
18.04 0.460577 0.778413 0.426547 0.974704 0.435619 0.053457 0.397487 0.859993 0.0 0.0
18.05 0.460577 0.778413 0.426547 0.974704 0.435619 0.053457 0.397487 0.859993 0.0 0.0
19.01 0.562639 0.689859 0.455557 0.136975 0.038986 0.939604 1.420777 0.625020 0.0 0.0
19.02 0.562639 0.689859 0.455557 0.136975 0.038986 0.939604 1.420777 0.625020 0.0 0.0
19.03 0.562639 0.689859 0.455557 0.136975 0.038986 0.939604 1.420777 0.625020 0.0 0.0
19.04 0.562639 0.689859 0.455557 0.136975 0.038986 0.939604 1.420777 0.625020 0.0 0.0
19.05 0.562639 0.689859 0.455557 0.136975 0.038986 0.939604 1.420777 0.625020 0.0 0.0
20.01 0.166810 0.714238 0.679734 1.345038 0.128656 0.774645 0.031990 1.297365 0.0 0.0
20.02 0.166810 0.714238 0.679734 1.345038 0.128656 0.774645 0.031990 1.297365 0.0 0.0
20.03 0.166810 0.714238 0.679734 1.345038 0.128656 0.774645 0.031990 1.297365 0.0 0.0
20.04 0.166810 0.714238 0.679734 1.345038 0.128656 0.774645 0.031990 1.297365 0.0 0.0
20.05 0.166810 0.714238 0.679734 1.345038 0.128656 0.774645 0.031990 1.297365 0.0 0.0
21.01 0.975132 0.221621 0.001431 1.388685 0.019460 0.060092 0.440949 1.010055 0.0 0.0
21.02 0.975132 0.221621 0.001431 1.388685 0.019460 0.060092 0.440949 1.010055 0.0 0.0
21.03 0.975132 0.221621 0.001431 1.388685 0.019460 0.060092 0.440949 1.010055 0.0 0.0
21.04 0.975132 0.221621 0.001431 1.388685 0.019460 0.060092 0.440949 1.010055 0.0 0.0
21.05 0.975132 0.221621 0.001431 1.388685 0.019460 0.060092 0.440949 1.010055 0.0 0.0
22.01 0.724602 0.116411 0.679265 1.289147 0.485867 0.087415 1.033111 0.948998 0.0 0.0
22.02 0.724602 0.116411 0.679265 1.289147 0.485867 0.087415 1.033111 0.948998 0.0 0.0
22.03 0.724602 0.116411 0.679265 1.289147 0.485867 0.087415 1.033111 0.948998 0.0 0.0
22.04 0.724602 0.116411 0.679265 1.289147 0.485867 0.087415 1.033111 0.948998 0.0 0.0
22.05 0.724602 0.116411 0.679265 1.289147 0.485867 0.087415 1.033111 0.948998 0.0 0.0
23.01 0.099432 0.968522 0.228205 1.345867 0.317156 1.134901 1.458592 0.506177 0.0 0.0
23.02 0.099432 0.968522 0.228205 1.345867 0.317156 1.134901 1.458592 0.506177 0.0 0.0
23.03 0.099432 0.968522 0.228205 1.345867 0.317156 1.134901 1.458592 0.506177 0.0 0.0
23.04 0.099432 0.968522 0.228205 1.345867 0.317156 1.134901 1.458592 0.506177 0.0 0.0
23.05 0.099432 0.968522 0.228205 1.345867 0.317156 1.134901 1.458592 0.506177 0.0 0.0
24.01 0.775293 0.241414 0.583644 0.926004 0.277747 1.186976 0.928868 0.886810 0.0 0.0
24.02 0.775293 0.241414 0.583644 0.926004 0.277747 1.186976 0.928868 0.886810 0.0 0.0
24.03 0.775293 0.241414 0.583644 0.926004 0.277747 1.186976 0.928868 0.886810 0.0 0.0
24.04 0.775293 0.241414 0.583644 0.926004 0.277747 1.186976 0.928868 0.886810 0.0 0.0
24.05 0.775293 0.241414 0.583644 0.926004 0.277747 1.186976 0.928868 0.886810 0.0 0.0
25.01 0.428896 0.438439 0.789823 1.329360 1.336191 0.947936 1.145484 1.139098 0.0 0.0
25.02 0.428896 0.438439 0.789823 1.329360 1.336191 0.947936 1.145484 1.139098 0.0 0.0
25.03 0.428896 0.438439 0.789823 1.329360 1.336191 0.947936 1.145484 1.139098 0.0 0.0
25.04 0.428896 0.438439 0.789823 1.329360 1.336191 0.947936 1.145484 1.139098 0.0 0.0
25.05 0.428896 0.438439 0.789823 1.329360 1.336191 0.947936 1.145484 1.139098 0.0 0.0
26.01 0.521391 0.558744 0.644947 0.779621 0.773766 0.184293 1.051557 1.562274 0.0 0.0
26.02 0.521391 0.558744 0.644947 0.779621 0.773766 0.184293 1.051557 1.562274 0.0 0.0
26.03 0.521391 0.558744 0.644947 0.779621 0.773766 0.184293 1.051557 1.562274 0.0 0.0
26.04 0.521391 0.558744 0.644947 0.779621 0.773766 0.184293 1.051557 1.562274 0.0 0.0
26.05 0.521391 0.558744 0.644947 0.779621 0.773766 0.184293 1.051557 1.562274 0.0 0.0
27.01 0.387597 0.606232 0.694443 1.555430 0.829327 1.305192 0.500443 1.363330 0.0 0.0
27.02 0.387597 0.606232 0.694443 1.555430 0.829327 1.305192 0.500443 1.363330 0.0 0.0
27.03 0.387597 0.606232 0.694443 1.555430 0.829327 1.305192 0.500443 1.363330 0.0 0.0
27.04 0.387597 0.606232 0.694443 1.555430 0.829327 1.305192 0.500443 1.363330 0.0 0.0
27.05 0.387597 0.606232 0.694443 1.555430 0.829327 1.305192 0.500443 1.363330 0.0 0.0
28.01 0.469528 0.684200 0.558045 0.481225 1.244833 1.240273 0.937460 0.708463 0.0 0.0
28.02 0.469528 0.684200 0.558045 0.481225 1.244833 1.240273 0.937460 0.708463 0.0 0.0
28.03 0.469528 0.684200 0.558045 0.481225 1.244833 1.240273 0.937460 0.708463 0.0 0.0
28.04 0.469528 0.684200 0.558045 0.481225 1.244833 1.240273 0.937460 0.708463 0.0 0.0
28.05 0.469528 0.684200 0.558045 0.481225 1.244833 1.240273 0.937460 0.708463 0.0 0.0
29.01 0.577768 0.619294 0.531657 0.210511 1.183757 0.017376 1.352721 0.920040 0.0 0.0
29.02 0.577768 0.619294 0.531657 0.210511 1.183757 0.017376 1.352721 0.920040 0.0 0.0
29.03 0.577768 0.619294 0.531657 0.210511 1.183757 0.017376 1.352721 0.920040 0.0 0.0
29.04 0.577768 0.619294 0.531657 0.210511 1.183757 0.017376 1.352721 0.920040 0.0 0.0
29.05 0.577768 0.619294 0.531657 0.210511 1.183757 0.017376 1.352721 0.920040 0.0 0.0
30.01 0.146276 0.555149 0.818787 0.802889 0.657128 0.212492 0.425149 0.129896 0.0 0.0
30.02 0.146276 0.555149 0.818787 0.802889 0.657128 0.212492 0.425149 0.129896 0.0 0.0
30.03 0.146276 0.555149 0.818787 0.802889 0.657128 0.212492 0.425149 0.129896 0.0 0.0
30.04 0.146276 0.555149 0.818787 0.802889 0.657128 0.212492 0.425149 0.129896 0.0 0.0
30.05 0.146276 0.555149 0.818787 0.802889 0.657128 0.212492 0.425149 0.129896 0.0 0.0
31.01 0.593255 0.235866 0.769685 0.316533 0.791361 1.259466 1.534360 0.262534 0.0 0.0
31.02 0.593255 0.235866 0.769685 0.316533 0.791361 1.259466 1.534360 0.262534 0.0 0.0
31.03 0.593255 0.235866 0.769685 0.316533 0.791361 1.259466 1.534360 0.262534 0.0 0.0
31.04 0.593255 0.235866 0.769685 0.316533 0.791361 1.259466 1.534360 0.262534 0.0 0.0
31.05 0.593255 0.235866 0.769685 0.316533 0.791361 1.259466 1.534360 0.262534 0.0 0.0
32.01 0.505419 0.635914 0.583236 1.489760 1.168826 0.332352 1.529660 0.260571 0.0 0.0
32.02 0.505419 0.635914 0.583236 1.489760 1.168826 0.332352 1.529660 0.260571 0.0 0.0
32.03 0.505419 0.635914 0.583236 1.489760 1.168826 0.332352 1.529660 0.260571 0.0 0.0
32.04 0.505419 0.635914 0.583236 1.489760 1.168826 0.332352 1.529660 0.260571 0.0 0.0
32.05 0.505419 0.635914 0.583236 1.489760 1.168826 0.332352 1.529660 0.260571 0.0 0.0
33.01 0.779035 0.479576 0.403871 0.326981 0.124466 0.092125 1.535459 1.531433 0.0 0.0
33.02 0.779035 0.479576 0.403871 0.326981 0.124466 0.092125 1.535459 1.531433 0.0 0.0
33.03 0.779035 0.479576 0.403871 0.326981 0.124466 0.092125 1.535459 1.531433 0.0 0.0
33.04 0.779035 0.479576 0.403871 0.326981 0.124466 0.092125 1.535459 1.531433 0.0 0.0
33.05 0.779035 0.479576 0.403871 0.326981 0.124466 0.092125 1.535459 1.531433 0.0 0.0
34.01 0.463556 0.598082 0.653769 0.647889 0.686337 0.122957 0.995026 1.194618 0.0 0.0
34.02 0.463556 0.598082 0.653769 0.647889 0.686337 0.122957 0.995026 1.194618 0.0 0.0
34.03 0.463556 0.598082 0.653769 0.647889 0.686337 0.122957 0.995026 1.194618 0.0 0.0
34.04 0.463556 0.598082 0.653769 0.647889 0.686337 0.122957 0.995026 1.194618 0.0 0.0
34.05 0.463556 0.598082 0.653769 0.647889 0.686337 0.122957 0.995026 1.194618 0.0 0.0
35.01 0.623654 0.781609 0.011927 0.455259 0.522068 0.428301 1.368693 1.106736 0.0 0.0
35.02 0.623654 0.781609 0.011927 0.455259 0.522068 0.428301 1.368693 1.106736 0.0 0.0
35.03 0.623654 0.781609 0.011927 0.455259 0.522068 0.428301 1.368693 1.106736 0.0 0.0
35.04 0.623654 0.781609 0.011927 0.455259 0.522068 0.428301 1.368693 1.106736 0.0 0.0
35.05 0.623654 0.781609 0.011927 0.455259 0.522068 0.428301 1.368693 1.106736 0.0 0.0
36.01 0.753311 0.401710 0.520723 0.371871 0.225978 1.457771 0.935955 0.915341 0.0 0.0
36.02 0.753311 0.401710 0.520723 0.371871 0.225978 1.457771 0.935955 0.915341 0.0 0.0
36.03 0.753311 0.401710 0.520723 0.371871 0.225978 1.457771 0.935955 0.915341 0.0 0.0
36.04 0.753311 0.401710 0.520723 0.371871 0.225978 1.457771 0.935955 0.915341 0.0 0.0
36.05 0.753311 0.401710 0.520723 0.371871 0.225978 1.457771 0.935955 0.915341 0.0 0.0
37.01 0.560556 0.383141 0.734152 0.168399 1.545107 1.141964 0.673683 1.237845 0.0 0.0
37.02 0.560556 0.383141 0.734152 0.168399 1.545107 1.141964 0.673683 1.237845 0.0 0.0
37.03 0.560556 0.383141 0.734152 0.168399 1.545107 1.141964 0.673683 1.237845 0.0 0.0
37.04 0.560556 0.383141 0.734152 0.168399 1.545107 1.141964 0.673683 1.237845 0.0 0.0
37.05 0.560556 0.383141 0.734152 0.168399 1.545107 1.141964 0.673683 1.237845 0.0 0.0
38.01 0.825079 0.559173 0.081064 0.025767 0.922877 0.382014 0.989226 1.527043 0.0 0.0
38.02 0.825079 0.559173 0.081064 0.025767 0.922877 0.382014 0.989226 1.527043 0.0 0.0
38.03 0.825079 0.559173 0.081064 0.025767 0.922877 0.382014 0.989226 1.527043 0.0 0.0
38.04 0.825079 0.559173 0.081064 0.025767 0.922877 0.382014 0.989226 1.527043 0.0 0.0
38.05 0.825079 0.559173 0.081064 0.025767 0.922877 0.382014 0.989226 1.527043 0.0 0.0
39.01 0.858007 0.195341 0.475044 0.841177 1.050555 1.346421 0.410891 0.234638 0.0 0.0
39.02 0.858007 0.195341 0.475044 0.841177 1.050555 1.346421 0.410891 0.234638 0.0 0.0
39.03 0.858007 0.195341 0.475044 0.841177 1.050555 1.346421 0.410891 0.234638 0.0 0.0
39.04 0.858007 0.195341 0.475044 0.841177 1.050555 1.346421 0.410891 0.234638 0.0 0.0
39.05 0.858007 0.195341 0.475044 0.841177 1.050555 1.346421 0.410891 0.234638 0.0 0.0
40.01 0.284318 0.720475 0.632518 0.576249 1.134972 1.414976 0.706578 0.517489 0.0 0.0
40.02 0.284318 0.720475 0.632518 0.576249 1.134972 1.414976 0.706578 0.517489 0.0 0.0
40.03 0.284318 0.720475 0.632518 0.576249 1.134972 1.414976 0.706578 0.517489 0.0 0.0
40.04 0.284318 0.720475 0.632518 0.576249 1.134972 1.414976 0.706578 0.517489 0.0 0.0
40.05 0.284318 0.720475 0.632518 0.576249 1.134972 1.414976 0.706578 0.517489 0.0 0.0
41.01 0.364986 0.769040 0.524750 1.412665 1.414264 1.282991 0.595656 0.214655 0.0 0.0
41.02 0.364986 0.769040 0.524750 1.412665 1.414264 1.282991 0.595656 0.214655 0.0 0.0
41.03 0.364986 0.769040 0.524750 1.412665 1.414264 1.282991 0.595656 0.214655 0.0 0.0
41.04 0.364986 0.769040 0.524750 1.412665 1.414264 1.282991 0.595656 0.214655 0.0 0.0
41.05 0.364986 0.769040 0.524750 1.412665 1.414264 1.282991 0.595656 0.214655 0.0 0.0
42.01 0.882765 0.123616 0.453260 0.379110 1.398004 0.426230 0.679657 0.566958 0.0 0.0
42.02 0.882765 0.123616 0.453260 0.379110 1.398004 0.426230 0.679657 0.566958 0.0 0.0
42.03 0.882765 0.123616 0.453260 0.379110 1.398004 0.426230 0.679657 0.566958 0.0 0.0
42.04 0.882765 0.123616 0.453260 0.379110 1.398004 0.426230 0.679657 0.566958 0.0 0.0
42.05 0.882765 0.123616 0.453260 0.379110 1.398004 0.426230 0.679657 0.566958 0.0 0.0
43.01 0.688197 0.138568 0.712169 1.059648 0.302047 0.816973 1.033828 0.227139 0.0 0.0
43.02 0.688197 0.138568 0.712169 1.059648 0.302047 0.816973 1.033828 0.227139 0.0 0.0
43.03 0.688197 0.138568 0.712169 1.059648 0.302047 0.816973 1.033828 0.227139 0.0 0.0
43.04 0.688197 0.138568 0.712169 1.059648 0.302047 0.816973 1.033828 0.227139 0.0 0.0
43.05 0.688197 0.138568 0.712169 1.059648 0.302047 0.816973 1.033828 0.227139 0.0 0.0
44.01 0.429181 0.122377 0.894890 0.439782 0.245670 0.383295 1.217885 0.050227 0.0 0.0
44.02 0.429181 0.122377 0.894890 0.439782 0.245670 0.383295 1.217885 0.050227 0.0 0.0
44.03 0.429181 0.122377 0.894890 0.439782 0.245670 0.383295 1.217885 0.050227 0.0 0.0
44.04 0.429181 0.122377 0.894890 0.439782 0.245670 0.383295 1.217885 0.050227 0.0 0.0
44.05 0.429181 0.122377 0.894890 0.439782 0.245670 0.383295 1.217885 0.050227 0.0 0.0
45.01 0.171313 0.849183 0.499541 0.701921 1.128382 0.227726 1.237245 0.656034 0.0 0.0
45.02 0.171313 0.849183 0.499541 0.701921 1.128382 0.227726 1.237245 0.656034 0.0 0.0
45.03 0.171313 0.849183 0.499541 0.701921 1.128382 0.227726 1.237245 0.656034 0.0 0.0
45.04 0.171313 0.849183 0.499541 0.701921 1.128382 0.227726 1.237245 0.656034 0.0 0.0
45.05 0.171313 0.849183 0.499541 0.701921 1.128382 0.227726 1.237245 0.656034 0.0 0.0
46.01 0.605154 0.742562 0.287038 0.438352 0.997042 1.004522 1.095220 1.199597 0.0 0.0
46.02 0.605154 0.742562 0.287038 0.438352 0.997042 1.004522 1.095220 1.199597 0.0 0.0
46.03 0.605154 0.742562 0.287038 0.438352 0.997042 1.004522 1.095220 1.199597 0.0 0.0
46.04 0.605154 0.742562 0.287038 0.438352 0.997042 1.004522 1.095220 1.199597 0.0 0.0
46.05 0.605154 0.742562 0.287038 0.438352 0.997042 1.004522 1.095220 1.199597 0.0 0.0
47.01 0.945112 0.303834 0.120203 1.040706 0.221489 0.964629 0.777656 0.541138 0.0 0.0
47.02 0.945112 0.303834 0.120203 1.040706 0.221489 0.964629 0.777656 0.541138 0.0 0.0
47.03 0.945112 0.303834 0.120203 1.040706 0.221489 0.964629 0.777656 0.541138 0.0 0.0
47.04 0.945112 0.303834 0.120203 1.040706 0.221489 0.964629 0.777656 0.541138 0.0 0.0
47.05 0.945112 0.303834 0.120203 1.040706 0.221489 0.964629 0.777656 0.541138 0.0 0.0
48.01 0.822239 0.420405 0.383643 0.642193 1.044971 0.894681 0.012007 0.661729 0.0 0.0
48.02 0.822239 0.420405 0.383643 0.642193 1.044971 0.894681 0.012007 0.661729 0.0 0.0
48.03 0.822239 0.420405 0.383643 0.642193 1.044971 0.894681 0.012007 0.661729 0.0 0.0
48.04 0.822239 0.420405 0.383643 0.642193 1.044971 0.894681 0.012007 0.661729 0.0 0.0
48.05 0.822239 0.420405 0.383643 0.642193 1.044971 0.894681 0.012007 0.661729 0.0 0.0
49.01 0.489147 0.655957 0.574854 0.816357 0.616795 1.568151 0.694117 0.783460 0.0 0.0
49.02 0.489147 0.655957 0.574854 0.816357 0.616795 1.568151 0.694117 0.783460 0.0 0.0
49.03 0.489147 0.655957 0.574854 0.816357 0.616795 1.568151 0.694117 0.783460 0.0 0.0
49.04 0.489147 0.655957 0.574854 0.816357 0.616795 1.568151 0.694117 0.783460 0.0 0.0
49.05 0.489147 0.655957 0.574854 0.816357 0.616795 1.568151 0.694117 0.783460 0.0 0.0
50.01 0.307499 0.309587 0.899778 0.458365 0.568805 1.549246 0.452008 1.040872 0.0 0.0
50.02 0.307499 0.309587 0.899778 0.458365 0.568805 1.549246 0.452008 1.040872 0.0 0.0
50.03 0.307499 0.309587 0.899778 0.458365 0.568805 1.549246 0.452008 1.040872 0.0 0.0
50.04 0.307499 0.309587 0.899778 0.458365 0.568805 1.549246 0.452008 1.040872 0.0 0.0
50.05 0.307499 0.309587 0.899778 0.458365 0.568805 1.549246 0.452008 1.040872 0.0 0.0
51.01 0.131702 0.333504 0.933504 0.324580 1.016033 0.078810 0.843697 1.564461 0.0 0.0
51.02 0.131702 0.333504 0.933504 0.324580 1.016033 0.078810 0.843697 1.564461 0.0 0.0
51.03 0.131702 0.333504 0.933504 0.324580 1.016033 0.078810 0.843697 1.564461 0.0 0.0
51.04 0.131702 0.333504 0.933504 0.324580 1.016033 0.078810 0.843697 1.564461 0.0 0.0
51.05 0.131702 0.333504 0.933504 0.324580 1.016033 0.078810 0.843697 1.564461 0.0 0.0
52.01 0.867241 0.389559 0.310059 0.933596 0.930823 1.543666 1.155223 1.414054 0.0 0.0
52.02 0.867241 0.389559 0.310059 0.933596 0.930823 1.543666 1.155223 1.414054 0.0 0.0
52.03 0.867241 0.389559 0.310059 0.933596 0.930823 1.543666 1.155223 1.414054 0.0 0.0
52.04 0.867241 0.389559 0.310059 0.933596 0.930823 1.543666 1.155223 1.414054 0.0 0.0
52.05 0.867241 0.389559 0.310059 0.933596 0.930823 1.543666 1.155223 1.414054 0.0 0.0
53.01 0.743971 0.218763 0.631387 0.658086 0.667649 0.286151 1.215833 1.108605 0.0 0.0
53.02 0.743971 0.218763 0.631387 0.658086 0.667649 0.286151 1.215833 1.108605 0.0 0.0
53.03 0.743971 0.218763 0.631387 0.658086 0.667649 0.286151 1.215833 1.108605 0.0 0.0
53.04 0.743971 0.218763 0.631387 0.658086 0.667649 0.286151 1.215833 1.108605 0.0 0.0
53.05 0.743971 0.218763 0.631387 0.658086 0.667649 0.286151 1.215833 1.108605 0.0 0.0
54.01 0.118038 0.988904 0.090204 0.515652 0.092549 1.435789 0.800308 1.224931 0.0 0.0
54.02 0.118038 0.988904 0.090204 0.515652 0.092549 1.435789 0.800308 1.224931 0.0 0.0
54.03 0.118038 0.988904 0.090204 0.515652 0.092549 1.435789 0.800308 1.224931 0.0 0.0
54.04 0.118038 0.988904 0.090204 0.515652 0.092549 1.435789 0.800308 1.224931 0.0 0.0
54.05 0.118038 0.988904 0.090204 0.515652 0.092549 1.435789 0.800308 1.224931 0.0 0.0
55.01 0.198158 0.959497 0.200247 0.462492 0.738569 1.217960 0.491964 1.169493 0.0 0.0
55.02 0.198158 0.959497 0.200247 0.462492 0.738569 1.217960 0.491964 1.169493 0.0 0.0
55.03 0.198158 0.959497 0.200247 0.462492 0.738569 1.217960 0.491964 1.169493 0.0 0.0
55.04 0.198158 0.959497 0.200247 0.462492 0.738569 1.217960 0.491964 1.169493 0.0 0.0
55.05 0.198158 0.959497 0.200247 0.462492 0.738569 1.217960 0.491964 1.169493 0.0 0.0
56.01 0.236174 0.617077 0.750625 0.058258 0.819040 0.061272 0.075192 1.317508 0.0 0.0
56.02 0.236174 0.617077 0.750625 0.058258 0.819040 0.061272 0.075192 1.317508 0.0 0.0
56.03 0.236174 0.617077 0.750625 0.058258 0.819040 0.061272 0.075192 1.317508 0.0 0.0
56.04 0.236174 0.617077 0.750625 0.058258 0.819040 0.061272 0.075192 1.317508 0.0 0.0
56.05 0.236174 0.617077 0.750625 0.058258 0.819040 0.061272 0.075192 1.317508 0.0 0.0
57.01 0.953602 0.014593 0.300715 1.400334 1.003495 0.880323 0.818369 0.405775 0.0 0.0
57.02 0.953602 0.014593 0.300715 1.400334 1.003495 0.880323 0.818369 0.405775 0.0 0.0
57.03 0.953602 0.014593 0.300715 1.400334 1.003495 0.880323 0.818369 0.405775 0.0 0.0
57.04 0.953602 0.014593 0.300715 1.400334 1.003495 0.880323 0.818369 0.405775 0.0 0.0
57.05 0.953602 0.014593 0.300715 1.400334 1.003495 0.880323 0.818369 0.405775 0.0 0.0
58.01 0.029320 0.562048 0.826585 1.284329 0.826542 1.457456 1.341737 0.482442 0.0 0.0
58.02 0.029320 0.562048 0.826585 1.284329 0.826542 1.457456 1.341737 0.482442 0.0 0.0
58.03 0.029320 0.562048 0.826585 1.284329 0.826542 1.457456 1.341737 0.482442 0.0 0.0
58.04 0.029320 0.562048 0.826585 1.284329 0.826542 1.457456 1.341737 0.482442 0.0 0.0
58.05 0.029320 0.562048 0.826585 1.284329 0.826542 1.457456 1.341737 0.482442 0.0 0.0
59.01 0.637960 0.573172 0.514277 1.281436 0.543369 1.049993 0.301476 0.256461 0.0 0.0
59.02 0.637960 0.573172 0.514277 1.281436 0.543369 1.049993 0.301476 0.256461 0.0 0.0
59.03 0.637960 0.573172 0.514277 1.281436 0.543369 1.049993 0.301476 0.256461 0.0 0.0
59.04 0.637960 0.573172 0.514277 1.281436 0.543369 1.049993 0.301476 0.256461 0.0 0.0
59.05 0.637960 0.573172 0.514277 1.281436 0.543369 1.049993 0.301476 0.256461 0.0 0.0
