0.01 0.668310 0.608875 0.427356 0.809921 0.975842 0.028148 1.475497 1.330521 0.0 0.0
0.02 0.668310 0.608875 0.427356 0.809921 0.975842 0.028148 1.475497 1.330521 0.0 0.0
0.03 0.668310 0.608875 0.427356 0.809921 0.975842 0.028148 1.475497 1.330521 0.0 0.0
0.04 0.668310 0.608875 0.427356 0.809921 0.975842 0.028148 1.475497 1.330521 0.0 0.0
0.05 0.668310 0.608875 0.427356 0.809921 0.975842 0.028148 1.475497 1.330521 0.0 0.0
1.01 0.185074 0.792122 0.581628 1.169482 1.018206 0.359253 0.710959 0.690680 0.0 0.0
1.02 0.185074 0.792122 0.581628 1.169482 1.018206 0.359253 0.710959 0.690680 0.0 0.0
1.03 0.185074 0.792122 0.581628 1.169482 1.018206 0.359253 0.710959 0.690680 0.0 0.0
1.04 0.185074 0.792122 0.581628 1.169482 1.018206 0.359253 0.710959 0.690680 0.0 0.0
1.05 0.185074 0.792122 0.581628 1.169482 1.018206 0.359253 0.710959 0.690680 0.0 0.0
2.01 0.967730 0.182591 0.173663 0.936100 0.036361 0.588845 0.060200 0.138786 0.0 0.0
2.02 0.967730 0.182591 0.173663 0.936100 0.036361 0.588845 0.060200 0.138786 0.0 0.0
2.03 0.967730 0.182591 0.173663 0.936100 0.036361 0.588845 0.060200 0.138786 0.0 0.0
2.04 0.967730 0.182591 0.173663 0.936100 0.036361 0.588845 0.060200 0.138786 0.0 0.0
2.05 0.967730 0.182591 0.173663 0.936100 0.036361 0.588845 0.060200 0.138786 0.0 0.0
3.01 0.787232 0.353555 0.505237 1.078899 0.159190 1.461102 1.515885 0.757979 0.0 0.0
3.02 0.787232 0.353555 0.505237 1.078899 0.159190 1.461102 1.515885 0.757979 0.0 0.0
3.03 0.787232 0.353555 0.505237 1.078899 0.159190 1.461102 1.515885 0.757979 0.0 0.0
3.04 0.787232 0.353555 0.505237 1.078899 0.159190 1.461102 1.515885 0.757979 0.0 0.0
3.05 0.787232 0.353555 0.505237 1.078899 0.159190 1.461102 1.515885 0.757979 0.0 0.0
4.01 0.002108 0.810091 0.586301 1.395654 0.047758 0.497115 1.078532 0.155253 0.0 0.0
4.02 0.002108 0.810091 0.586301 1.395654 0.047758 0.497115 1.078532 0.155253 0.0 0.0
4.03 0.002108 0.810091 0.586301 1.395654 0.047758 0.497115 1.078532 0.155253 0.0 0.0
4.04 0.002108 0.810091 0.586301 1.395654 0.047758 0.497115 1.078532 0.155253 0.0 0.0
4.05 0.002108 0.810091 0.586301 1.395654 0.047758 0.497115 1.078532 0.155253 0.0 0.0
5.01 0.328628 0.873067 0.360219 1.180981 0.721320 1.376371 1.057242 1.171237 0.0 0.0
5.02 0.328628 0.873067 0.360219 1.180981 0.721320 1.376371 1.057242 1.171237 0.0 0.0
5.03 0.328628 0.873067 0.360219 1.180981 0.721320 1.376371 1.057242 1.171237 0.0 0.0
5.04 0.328628 0.873067 0.360219 1.180981 0.721320 1.376371 1.057242 1.171237 0.0 0.0
5.05 0.328628 0.873067 0.360219 1.180981 0.721320 1.376371 1.057242 1.171237 0.0 0.0
6.01 0.561840 0.769005 0.304904 0.036625 1.332785 0.977406 1.038803 0.225343 0.0 0.0
6.02 0.561840 0.769005 0.304904 0.036625 1.332785 0.977406 1.038803 0.225343 0.0 0.0
6.03 0.561840 0.769005 0.304904 0.036625 1.332785 0.977406 1.038803 0.225343 0.0 0.0
6.04 0.561840 0.769005 0.304904 0.036625 1.332785 0.977406 1.038803 0.225343 0.0 0.0
6.05 0.561840 0.769005 0.304904 0.036625 1.332785 0.977406 1.038803 0.225343 0.0 0.0
7.01 0.710841 0.345829 0.612460 0.831614 0.975705 0.771197 1.467608 0.719897 0.0 0.0
7.02 0.710841 0.345829 0.612460 0.831614 0.975705 0.771197 1.467608 0.719897 0.0 0.0
7.03 0.710841 0.345829 0.612460 0.831614 0.975705 0.771197 1.467608 0.719897 0.0 0.0
7.04 0.710841 0.345829 0.612460 0.831614 0.975705 0.771197 1.467608 0.719897 0.0 0.0
7.05 0.710841 0.345829 0.612460 0.831614 0.975705 0.771197 1.467608 0.719897 0.0 0.0
8.01 0.788376 0.177915 0.588905 0.392897 0.941167 1.079514 1.359787 0.514757 0.0 0.0
8.02 0.788376 0.177915 0.588905 0.392897 0.941167 1.079514 1.359787 0.514757 0.0 0.0
8.03 0.788376 0.177915 0.588905 0.392897 0.941167 1.079514 1.359787 0.514757 0.0 0.0
8.04 0.788376 0.177915 0.588905 0.392897 0.941167 1.079514 1.359787 0.514757 0.0 0.0
8.05 0.788376 0.177915 0.588905 0.392897 0.941167 1.079514 1.359787 0.514757 0.0 0.0
9.01 0.390088 0.652317 0.649857 0.263153 1.070583 1.392559 0.641017 0.860698 0.0 0.0
9.02 0.390088 0.652317 0.649857 0.263153 1.070583 1.392559 0.641017 0.860698 0.0 0.0
9.03 0.390088 0.652317 0.649857 0.263153 1.070583 1.392559 0.641017 0.860698 0.0 0.0
9.04 0.390088 0.652317 0.649857 0.263153 1.070583 1.392559 0.641017 0.860698 0.0 0.0
9.05 0.390088 0.652317 0.649857 0.263153 1.070583 1.392559 0.641017 0.860698 0.0 0.0
10.01 0.743290 0.661415 0.100246 1.348168 0.134598 0.182700 0.008669 0.444704 0.0 0.0
10.02 0.743290 0.661415 0.100246 1.348168 0.134598 0.182700 0.008669 0.444704 0.0 0.0
10.03 0.743290 0.661415 0.100246 1.348168 0.134598 0.182700 0.008669 0.444704 0.0 0.0
10.04 0.743290 0.661415 0.100246 1.348168 0.134598 0.182700 0.008669 0.444704 0.0 0.0
10.05 0.743290 0.661415 0.100246 1.348168 0.134598 0.182700 0.008669 0.444704 0.0 0.0
11.01 0.732822 0.145054 0.664779 0.076024 0.183937 0.132126 0.067223 1.439569 0.0 0.0
11.02 0.732822 0.145054 0.664779 0.076024 0.183937 0.132126 0.067223 1.439569 0.0 0.0
11.03 0.732822 0.145054 0.664779 0.076024 0.183937 0.132126 0.067223 1.439569 0.0 0.0
11.04 0.732822 0.145054 0.664779 0.076024 0.183937 0.132126 0.067223 1.439569 0.0 0.0
11.05 0.732822 0.145054 0.664779 0.076024 0.183937 0.132126 0.067223 1.439569 0.0 0.0
12.01 0.549307 0.335160 0.765460 1.381711 1.501169 0.797860 0.522910 0.526257 0.0 0.0
12.02 0.549307 0.335160 0.765460 1.381711 1.501169 0.797860 0.522910 0.526257 0.0 0.0
12.03 0.549307 0.335160 0.765460 1.381711 1.501169 0.797860 0.522910 0.526257 0.0 0.0
12.04 0.549307 0.335160 0.765460 1.381711 1.501169 0.797860 0.522910 0.526257 0.0 0.0
12.05 0.549307 0.335160 0.765460 1.381711 1.501169 0.797860 0.522910 0.526257 0.0 0.0
13.01 0.521727 0.686464 0.506526 1.314645 0.783405 0.710846 0.942631 1.496832 0.0 0.0
13.02 0.521727 0.686464 0.506526 1.314645 0.783405 0.710846 0.942631 1.496832 0.0 0.0
13.03 0.521727 0.686464 0.506526 1.314645 0.783405 0.710846 0.942631 1.496832 0.0 0.0
13.04 0.521727 0.686464 0.506526 1.314645 0.783405 0.710846 0.942631 1.496832 0.0 0.0
13.05 0.521727 0.686464 0.506526 1.314645 0.783405 0.710846 0.942631 1.496832 0.0 0.0
14.01 0.473715 0.293852 0.830208 0.961313 0.009844 0.074116 1.312505 1.569172 0.0 0.0
14.02 0.473715 0.293852 0.830208 0.961313 0.009844 0.074116 1.312505 1.569172 0.0 0.0
14.03 0.473715 0.293852 0.830208 0.961313 0.009844 0.074116 1.312505 1.569172 0.0 0.0
14.04 0.473715 0.293852 0.830208 0.961313 0.009844 0.074116 1.312505 1.569172 0.0 0.0
14.05 0.473715 0.293852 0.830208 0.961313 0.009844 0.074116 1.312505 1.569172 0.0 0.0
15.01 0.283750 0.762347 0.581647 0.794485 1.446793 1.403764 1.029718 1.034904 0.0 0.0
15.02 0.283750 0.762347 0.581647 0.794485 1.446793 1.403764 1.029718 1.034904 0.0 0.0
15.03 0.283750 0.762347 0.581647 0.794485 1.446793 1.403764 1.029718 1.034904 0.0 0.0
15.04 0.283750 0.762347 0.581647 0.794485 1.446793 1.403764 1.029718 1.034904 0.0 0.0
15.05 0.283750 0.762347 0.581647 0.794485 1.446793 1.403764 1.029718 1.034904 0.0 0.0
16.01 0.574406 0.647854 0.500342 0.947599 1.111045 1.525008 0.590043 1.284080 0.0 0.0
16.02 0.574406 0.647854 0.500342 0.947599 1.111045 1.525008 0.590043 1.284080 0.0 0.0
16.03 0.574406 0.647854 0.500342 0.947599 1.111045 1.525008 0.590043 1.284080 0.0 0.0
16.04 0.574406 0.647854 0.500342 0.947599 1.111045 1.525008 0.590043 1.284080 0.0 0.0
16.05 0.574406 0.647854 0.500342 0.947599 1.111045 1.525008 0.590043 1.284080 0.0 0.0
17.01 0.447051 0.776938 0.443298 0.914539 1.523858 0.817014 1.268644 0.045322 0.0 0.0
17.02 0.447051 0.776938 0.443298 0.914539 1.523858 0.817014 1.268644 0.045322 0.0 0.0
17.03 0.447051 0.776938 0.443298 0.914539 1.523858 0.817014 1.268644 0.045322 0.0 0.0
17.04 0.447051 0.776938 0.443298 0.914539 1.523858 0.817014 1.268644 0.045322 0.0 0.0
17.05 0.447051 0.776938 0.443298 0.914539 1.523858 0.817014 1.268644 0.045322 0.0 0.0
18.01 0.918528 0.342320 0.197794 1.237355 1.035860 0.835782 0.380450 0.560558 0.0 0.0
18.02 0.918528 0.342320 0.197794 1.237355 1.035860 0.835782 0.380450 0.560558 0.0 0.0
18.03 0.918528 0.342320 0.197794 1.237355 1.035860 0.835782 0.380450 0.560558 0.0 0.0
18.04 0.918528 0.342320 0.197794 1.237355 1.035860 0.835782 0.380450 0.560558 0.0 0.0
18.05 0.918528 0.342320 0.197794 1.237355 1.035860 0.835782 0.380450 0.560558 0.0 0.0
19.01 0.747014 0.644998 0.161082 0.310854 1.316015 0.022407 0.269397 0.654342 0.0 0.0
19.02 0.747014 0.644998 0.161082 0.310854 1.316015 0.022407 0.269397 0.654342 0.0 0.0
19.03 0.747014 0.644998 0.161082 0.310854 1.316015 0.022407 0.269397 0.654342 0.0 0.0
19.04 0.747014 0.644998 0.161082 0.310854 1.316015 0.022407 0.269397 0.654342 0.0 0.0
19.05 0.747014 0.644998 0.161082 0.310854 1.316015 0.022407 0.269397 0.654342 0.0 0.0
20.01 0.565533 0.685511 0.458527 0.421819 0.123411 1.002878 0.685416 1.365201 0.0 0.0
20.02 0.565533 0.685511 0.458527 0.421819 0.123411 1.002878 0.685416 1.365201 0.0 0.0
20.03 0.565533 0.685511 0.458527 0.421819 0.123411 1.002878 0.685416 1.365201 0.0 0.0
20.04 0.565533 0.685511 0.458527 0.421819 0.123411 1.002878 0.685416 1.365201 0.0 0.0
20.05 0.565533 0.685511 0.458527 0.421819 0.123411 1.002878 0.685416 1.365201 0.0 0.0
21.01 0.502127 0.841632 0.198805 0.677446 1.022879 0.766611 0.228346 0.064531 0.0 0.0
21.02 0.502127 0.841632 0.198805 0.677446 1.022879 0.766611 0.228346 0.064531 0.0 0.0
21.03 0.502127 0.841632 0.198805 0.677446 1.022879 0.766611 0.228346 0.064531 0.0 0.0
21.04 0.502127 0.841632 0.198805 0.677446 1.022879 0.766611 0.228346 0.064531 0.0 0.0
21.05 0.502127 0.841632 0.198805 0.677446 1.022879 0.766611 0.228346 0.064531 0.0 0.0
22.01 0.722214 0.630714 0.283914 0.032742 0.741942 1.059264 0.936113 1.363168 0.0 0.0
22.02 0.722214 0.630714 0.283914 0.032742 0.741942 1.059264 0.936113 1.363168 0.0 0.0
22.03 0.722214 0.630714 0.283914 0.032742 0.741942 1.059264 0.936113 1.363168 0.0 0.0
22.04 0.722214 0.630714 0.283914 0.032742 0.741942 1.059264 0.936113 1.363168 0.0 0.0
22.05 0.722214 0.630714 0.283914 0.032742 0.741942 1.059264 0.936113 1.363168 0.0 0.0
23.01 0.654089 0.755491 0.037415 1.318594 0.035967 1.015797 1.040981 0.724432 0.0 0.0
23.02 0.654089 0.755491 0.037415 1.318594 0.035967 1.015797 1.040981 0.724432 0.0 0.0
23.03 0.654089 0.755491 0.037415 1.318594 0.035967 1.015797 1.040981 0.724432 0.0 0.0
23.04 0.654089 0.755491 0.037415 1.318594 0.035967 1.015797 1.040981 0.724432 0.0 0.0
23.05 0.654089 0.755491 0.037415 1.318594 0.035967 1.015797 1.040981 0.724432 0.0 0.0
24.01 0.099081 0.542461 0.834218 1.397702 0.080027 1.551751 1.317929 0.881437 0.0 0.0
24.02 0.099081 0.542461 0.834218 1.397702 0.080027 1.551751 1.317929 0.881437 0.0 0.0
24.03 0.099081 0.542461 0.834218 1.397702 0.080027 1.551751 1.317929 0.881437 0.0 0.0
24.04 0.099081 0.542461 0.834218 1.397702 0.080027 1.551751 1.317929 0.881437 0.0 0.0
24.05 0.099081 0.542461 0.834218 1.397702 0.080027 1.551751 1.317929 0.881437 0.0 0.0
25.01 0.386623 0.858172 0.337734 1.126425 0.995287 0.368296 0.368222 1.416892 0.0 0.0
25.02 0.386623 0.858172 0.337734 1.126425 0.995287 0.368296 0.368222 1.416892 0.0 0.0
25.03 0.386623 0.858172 0.337734 1.126425 0.995287 0.368296 0.368222 1.416892 0.0 0.0
25.04 0.386623 0.858172 0.337734 1.126425 0.995287 0.368296 0.368222 1.416892 0.0 0.0
25.05 0.386623 0.858172 0.337734 1.126425 0.995287 0.368296 0.368222 1.416892 0.0 0.0
26.01 0.787856 0.173259 0.590986 0.943951 0.279487 0.386856 1.190668 0.735030 0.0 0.0
26.02 0.787856 0.173259 0.590986 0.943951 0.279487 0.386856 1.190668 0.735030 0.0 0.0
26.03 0.787856 0.173259 0.590986 0.943951 0.279487 0.386856 1.190668 0.735030 0.0 0.0
26.04 0.787856 0.173259 0.590986 0.943951 0.279487 0.386856 1.190668 0.735030 0.0 0.0
26.05 0.787856 0.173259 0.590986 0.943951 0.279487 0.386856 1.190668 0.735030 0.0 0.0
27.01 0.889791 0.411752 0.196807 0.698858 1.563622 0.218033 0.164892 1.255427 0.0 0.0
27.02 0.889791 0.411752 0.196807 0.698858 1.563622 0.218033 0.164892 1.255427 0.0 0.0
27.03 0.889791 0.411752 0.196807 0.698858 1.563622 0.218033 0.164892 1.255427 0.0 0.0
27.04 0.889791 0.411752 0.196807 0.698858 1.563622 0.218033 0.164892 1.255427 0.0 0.0
27.05 0.889791 0.411752 0.196807 0.698858 1.563622 0.218033 0.164892 1.255427 0.0 0.0
28.01 0.193929 0.350937 0.916097 0.764731 1.107641 0.215366 0.036878 0.139096 0.0 0.0
28.02 0.193929 0.350937 0.916097 0.764731 1.107641 0.215366 0.036878 0.139096 0.0 0.0
28.03 0.193929 0.350937 0.916097 0.764731 1.107641 0.215366 0.036878 0.139096 0.0 0.0
28.04 0.193929 0.350937 0.916097 0.764731 1.107641 0.215366 0.036878 0.139096 0.0 0.0
28.05 0.193929 0.350937 0.916097 0.764731 1.107641 0.215366 0.036878 0.139096 0.0 0.0
29.01 0.592016 0.649973 0.476501 0.018202 0.943215 1.028819 0.919936 0.906118 0.0 0.0
29.02 0.592016 0.649973 0.476501 0.018202 0.943215 1.028819 0.919936 0.906118 0.0 0.0
29.03 0.592016 0.649973 0.476501 0.018202 0.943215 1.028819 0.919936 0.906118 0.0 0.0
29.04 0.592016 0.649973 0.476501 0.018202 0.943215 1.028819 0.919936 0.906118 0.0 0.0
29.05 0.592016 0.649973 0.476501 0.018202 0.943215 1.028819 0.919936 0.906118 0.0 0.0
30.01 0.842767 0.415518 0.342182 1.268260 0.410999 1.480758 1.192911 0.299099 0.0 0.0
30.02 0.842767 0.415518 0.342182 1.268260 0.410999 1.480758 1.192911 0.299099 0.0 0.0
30.03 0.842767 0.415518 0.342182 1.268260 0.410999 1.480758 1.192911 0.299099 0.0 0.0
30.04 0.842767 0.415518 0.342182 1.268260 0.410999 1.480758 1.192911 0.299099 0.0 0.0
30.05 0.842767 0.415518 0.342182 1.268260 0.410999 1.480758 1.192911 0.299099 0.0 0.0
31.01 0.771273 0.389308 0.503564 1.055435 0.970075 0.355373 1.365763 0.806441 0.0 0.0
31.02 0.771273 0.389308 0.503564 1.055435 0.970075 0.355373 1.365763 0.806441 0.0 0.0
31.03 0.771273 0.389308 0.503564 1.055435 0.970075 0.355373 1.365763 0.806441 0.0 0.0
31.04 0.771273 0.389308 0.503564 1.055435 0.970075 0.355373 1.365763 0.806441 0.0 0.0
31.05 0.771273 0.389308 0.503564 1.055435 0.970075 0.355373 1.365763 0.806441 0.0 0.0
32.01 0.505504 0.631099 0.588371 0.280346 0.585443 0.957114 1.486649 0.391978 0.0 0.0
32.02 0.505504 0.631099 0.588371 0.280346 0.585443 0.957114 1.486649 0.391978 0.0 0.0
32.03 0.505504 0.631099 0.588371 0.280346 0.585443 0.957114 1.486649 0.391978 0.0 0.0
32.04 0.505504 0.631099 0.588371 0.280346 0.585443 0.957114 1.486649 0.391978 0.0 0.0
32.05 0.505504 0.631099 0.588371 0.280346 0.585443 0.957114 1.486649 0.391978 0.0 0.0
33.01 0.700381 0.091298 0.707906 0.746805 1.031122 1.251780 1.178109 0.011332 0.0 0.0
33.02 0.700381 0.091298 0.707906 0.746805 1.031122 1.251780 1.178109 0.011332 0.0 0.0
33.03 0.700381 0.091298 0.707906 0.746805 1.031122 1.251780 1.178109 0.011332 0.0 0.0
33.04 0.700381 0.091298 0.707906 0.746805 1.031122 1.251780 1.178109 0.011332 0.0 0.0
33.05 0.700381 0.091298 0.707906 0.746805 1.031122 1.251780 1.178109 0.011332 0.0 0.0
34.01 0.832833 0.052085 0.551069 0.932422 1.448107 0.927272 1.291243 0.075977 0.0 0.0
34.02 0.832833 0.052085 0.551069 0.932422 1.448107 0.927272 1.291243 0.075977 0.0 0.0
34.03 0.832833 0.052085 0.551069 0.932422 1.448107 0.927272 1.291243 0.075977 0.0 0.0
34.04 0.832833 0.052085 0.551069 0.932422 1.448107 0.927272 1.291243 0.075977 0.0 0.0
34.05 0.832833 0.052085 0.551069 0.932422 1.448107 0.927272 1.291243 0.075977 0.0 0.0
35.01 0.871949 0.244531 0.424158 1.408050 1.501900 0.654482 0.961869 1.252716 0.0 0.0
35.02 0.871949 0.244531 0.424158 1.408050 1.501900 0.654482 0.961869 1.252716 0.0 0.0
35.03 0.871949 0.244531 0.424158 1.408050 1.501900 0.654482 0.961869 1.252716 0.0 0.0
35.04 0.871949 0.244531 0.424158 1.408050 1.501900 0.654482 0.961869 1.252716 0.0 0.0
35.05 0.871949 0.244531 0.424158 1.408050 1.501900 0.654482 0.961869 1.252716 0.0 0.0
36.01 0.219852 0.967498 0.124948 0.039749 0.819927 0.014905 1.374076 1.000348 0.0 0.0
36.02 0.219852 0.967498 0.124948 0.039749 0.819927 0.014905 1.374076 1.000348 0.0 0.0
36.03 0.219852 0.967498 0.124948 0.039749 0.819927 0.014905 1.374076 1.000348 0.0 0.0
36.04 0.219852 0.967498 0.124948 0.039749 0.819927 0.014905 1.374076 1.000348 0.0 0.0
36.05 0.219852 0.967498 0.124948 0.039749 0.819927 0.014905 1.374076 1.000348 0.0 0.0
37.01 0.883782 0.129695 0.449565 0.383367 0.404765 0.457118 0.244073 0.354171 0.0 0.0
37.02 0.883782 0.129695 0.449565 0.383367 0.404765 0.457118 0.244073 0.354171 0.0 0.0
37.03 0.883782 0.129695 0.449565 0.383367 0.404765 0.457118 0.244073 0.354171 0.0 0.0
37.04 0.883782 0.129695 0.449565 0.383367 0.404765 0.457118 0.244073 0.354171 0.0 0.0
37.05 0.883782 0.129695 0.449565 0.383367 0.404765 0.457118 0.244073 0.354171 0.0 0.0
38.01 0.269890 0.021251 0.962657 0.414670 1.436670 1.282987 1.446125 0.074462 0.0 0.0
38.02 0.269890 0.021251 0.962657 0.414670 1.436670 1.282987 1.446125 0.074462 0.0 0.0
38.03 0.269890 0.021251 0.962657 0.414670 1.436670 1.282987 1.446125 0.074462 0.0 0.0
38.04 0.269890 0.021251 0.962657 0.414670 1.436670 1.282987 1.446125 0.074462 0.0 0.0
38.05 0.269890 0.021251 0.962657 0.414670 1.436670 1.282987 1.446125 0.074462 0.0 0.0
39.01 0.196100 0.497407 0.845063 0.842030 1.178532 0.038741 0.758358 1.431604 0.0 0.0
39.02 0.196100 0.497407 0.845063 0.842030 1.178532 0.038741 0.758358 1.431604 0.0 0.0
39.03 0.196100 0.497407 0.845063 0.842030 1.178532 0.038741 0.758358 1.431604 0.0 0.0
39.04 0.196100 0.497407 0.845063 0.842030 1.178532 0.038741 0.758358 1.431604 0.0 0.0
39.05 0.196100 0.497407 0.845063 0.842030 1.178532 0.038741 0.758358 1.431604 0.0 0.0
40.01 0.680550 0.126037 0.721780 1.089693 0.806221 0.920185 0.597846 0.452639 0.0 0.0
40.02 0.680550 0.126037 0.721780 1.089693 0.806221 0.920185 0.597846 0.452639 0.0 0.0
40.03 0.680550 0.126037 0.721780 1.089693 0.806221 0.920185 0.597846 0.452639 0.0 0.0
40.04 0.680550 0.126037 0.721780 1.089693 0.806221 0.920185 0.597846 0.452639 0.0 0.0
40.05 0.680550 0.126037 0.721780 1.089693 0.806221 0.920185 0.597846 0.452639 0.0 0.0
41.01 0.375688 0.716750 0.587476 1.431403 0.317427 0.833403 0.927870 1.016217 0.0 0.0
41.02 0.375688 0.716750 0.587476 1.431403 0.317427 0.833403 0.927870 1.016217 0.0 0.0
41.03 0.375688 0.716750 0.587476 1.431403 0.317427 0.833403 0.927870 1.016217 0.0 0.0
41.04 0.375688 0.716750 0.587476 1.431403 0.317427 0.833403 0.927870 1.016217 0.0 0.0
41.05 0.375688 0.716750 0.587476 1.431403 0.317427 0.833403 0.927870 1.016217 0.0 0.0
42.01 0.160834 0.866299 0.472926 1.438631 0.417197 0.986030 1.204752 1.114924 0.0 0.0
42.02 0.160834 0.866299 0.472926 1.438631 0.417197 0.986030 1.204752 1.114924 0.0 0.0
42.03 0.160834 0.866299 0.472926 1.438631 0.417197 0.986030 1.204752 1.114924 0.0 0.0
42.04 0.160834 0.866299 0.472926 1.438631 0.417197 0.986030 1.204752 1.114924 0.0 0.0
42.05 0.160834 0.866299 0.472926 1.438631 0.417197 0.986030 1.204752 1.114924 0.0 0.0
43.01 0.377231 0.917656 0.124915 0.181162 0.929146 1.096353 0.874001 1.362405 0.0 0.0
43.02 0.377231 0.917656 0.124915 0.181162 0.929146 1.096353 0.874001 1.362405 0.0 0.0
43.03 0.377231 0.917656 0.124915 0.181162 0.929146 1.096353 0.874001 1.362405 0.0 0.0
43.04 0.377231 0.917656 0.124915 0.181162 0.929146 1.096353 0.874001 1.362405 0.0 0.0
43.05 0.377231 0.917656 0.124915 0.181162 0.929146 1.096353 0.874001 1.362405 0.0 0.0
44.01 0.410529 0.909522 0.065081 1.118351 1.048374 0.863239 0.013414 0.913961 0.0 0.0
44.02 0.410529 0.909522 0.065081 1.118351 1.048374 0.863239 0.013414 0.913961 0.0 0.0
44.03 0.410529 0.909522 0.065081 1.118351 1.048374 0.863239 0.013414 0.913961 0.0 0.0
44.04 0.410529 0.909522 0.065081 1.118351 1.048374 0.863239 0.013414 0.913961 0.0 0.0
44.05 0.410529 0.909522 0.065081 1.118351 1.048374 0.863239 0.013414 0.913961 0.0 0.0
45.01 0.080980 0.304477 0.949071 0.531766 0.381442 1.225018 0.686770 1.224407 0.0 0.0
45.02 0.080980 0.304477 0.949071 0.531766 0.381442 1.225018 0.686770 1.224407 0.0 0.0
45.03 0.080980 0.304477 0.949071 0.531766 0.381442 1.225018 0.686770 1.224407 0.0 0.0
45.04 0.080980 0.304477 0.949071 0.531766 0.381442 1.225018 0.686770 1.224407 0.0 0.0
45.05 0.080980 0.304477 0.949071 0.531766 0.381442 1.225018 0.686770 1.224407 0.0 0.0
46.01 0.236925 0.971322 0.019993 0.210737 0.181588 1.166536 1.203866 1.002504 0.0 0.0
46.02 0.236925 0.971322 0.019993 0.210737 0.181588 1.166536 1.203866 1.002504 0.0 0.0
46.03 0.236925 0.971322 0.019993 0.210737 0.181588 1.166536 1.203866 1.002504 0.0 0.0
46.04 0.236925 0.971322 0.019993 0.210737 0.181588 1.166536 1.203866 1.002504 0.0 0.0
46.05 0.236925 0.971322 0.019993 0.210737 0.181588 1.166536 1.203866 1.002504 0.0 0.0
47.01 0.850079 0.340882 0.401455 1.182719 1.355033 0.840928 0.970228 0.280111 0.0 0.0
47.02 0.850079 0.340882 0.401455 1.182719 1.355033 0.840928 0.970228 0.280111 0.0 0.0
47.03 0.850079 0.340882 0.401455 1.182719 1.355033 0.840928 0.970228 0.280111 0.0 0.0
47.04 0.850079 0.340882 0.401455 1.182719 1.355033 0.840928 0.970228 0.280111 0.0 0.0
47.05 0.850079 0.340882 0.401455 1.182719 1.355033 0.840928 0.970228 0.280111 0.0 0.0
48.01 0.313362 0.346740 0.884068 0.060276 0.545766 0.379757 0.396532 1.532665 0.0 0.0
48.02 0.313362 0.346740 0.884068 0.060276 0.545766 0.379757 0.396532 1.532665 0.0 0.0
48.03 0.313362 0.346740 0.884068 0.060276 0.545766 0.379757 0.396532 1.532665 0.0 0.0
48.04 0.313362 0.346740 0.884068 0.060276 0.545766 0.379757 0.396532 1.532665 0.0 0.0
48.05 0.313362 0.346740 0.884068 0.060276 0.545766 0.379757 0.396532 1.532665 0.0 0.0
49.01 0.620623 0.776293 0.110438 0.808881 0.514294 1.209447 1.561428 1.060118 0.0 0.0
49.02 0.620623 0.776293 0.110438 0.808881 0.514294 1.209447 1.561428 1.060118 0.0 0.0
49.03 0.620623 0.776293 0.110438 0.808881 0.514294 1.209447 1.561428 1.060118 0.0 0.0
49.04 0.620623 0.776293 0.110438 0.808881 0.514294 1.209447 1.561428 1.060118 0.0 0.0
49.05 0.620623 0.776293 0.110438 0.808881 0.514294 1.209447 1.561428 1.060118 0.0 0.0
50.01 0.111115 0.808608 0.577760 1.317135 0.254164 1.210703 0.317425 0.962358 0.0 0.0
50.02 0.111115 0.808608 0.577760 1.317135 0.254164 1.210703 0.317425 0.962358 0.0 0.0
50.03 0.111115 0.808608 0.577760 1.317135 0.254164 1.210703 0.317425 0.962358 0.0 0.0
50.04 0.111115 0.808608 0.577760 1.317135 0.254164 1.210703 0.317425 0.962358 0.0 0.0
50.05 0.111115 0.808608 0.577760 1.317135 0.254164 1.210703 0.317425 0.962358 0.0 0.0
51.01 0.671395 0.659018 0.339005 1.075647 0.566458 0.019623 0.241380 1.146057 0.0 0.0
51.02 0.671395 0.659018 0.339005 1.075647 0.566458 0.019623 0.241380 1.146057 0.0 0.0
51.03 0.671395 0.659018 0.339005 1.075647 0.566458 0.019623 0.241380 1.146057 0.0 0.0
51.04 0.671395 0.659018 0.339005 1.075647 0.566458 0.019623 0.241380 1.146057 0.0 0.0
51.05 0.671395 0.659018 0.339005 1.075647 0.566458 0.019623 0.241380 1.146057 0.0 0.0
52.01 0.051430 0.825040 0.562729 1.235563 0.330186 0.509542 1.449994 0.167215 0.0 0.0
52.02 0.051430 0.825040 0.562729 1.235563 0.330186 0.509542 1.449994 0.167215 0.0 0.0
52.03 0.051430 0.825040 0.562729 1.235563 0.330186 0.509542 1.449994 0.167215 0.0 0.0
52.04 0.051430 0.825040 0.562729 1.235563 0.330186 0.509542 1.449994 0.167215 0.0 0.0
52.05 0.051430 0.825040 0.562729 1.235563 0.330186 0.509542 1.449994 0.167215 0.0 0.0
53.01 0.689357 0.650226 0.319365 0.759796 0.824805 0.506108 0.726635 0.620191 0.0 0.0
53.02 0.689357 0.650226 0.319365 0.759796 0.824805 0.506108 0.726635 0.620191 0.0 0.0
53.03 0.689357 0.650226 0.319365 0.759796 0.824805 0.506108 0.726635 0.620191 0.0 0.0
53.04 0.689357 0.650226 0.319365 0.759796 0.824805 0.506108 0.726635 0.620191 0.0 0.0
53.05 0.689357 0.650226 0.319365 0.759796 0.824805 0.506108 0.726635 0.620191 0.0 0.0
54.01 0.205304 0.397809 0.894203 1.019604 0.383156 0.774655 1.057495 0.398438 0.0 0.0
54.02 0.205304 0.397809 0.894203 1.019604 0.383156 0.774655 1.057495 0.398438 0.0 0.0
54.03 0.205304 0.397809 0.894203 1.019604 0.383156 0.774655 1.057495 0.398438 0.0 0.0
54.04 0.205304 0.397809 0.894203 1.019604 0.383156 0.774655 1.057495 0.398438 0.0 0.0
54.05 0.205304 0.397809 0.894203 1.019604 0.383156 0.774655 1.057495 0.398438 0.0 0.0
55.01 0.710516 0.623392 0.326419 0.391748 1.311343 0.290375 1.124773 0.744511 0.0 0.0
55.02 0.710516 0.623392 0.326419 0.391748 1.311343 0.290375 1.124773 0.744511 0.0 0.0
55.03 0.710516 0.623392 0.326419 0.391748 1.311343 0.290375 1.124773 0.744511 0.0 0.0
55.04 0.710516 0.623392 0.326419 0.391748 1.311343 0.290375 1.124773 0.744511 0.0 0.0
55.05 0.710516 0.623392 0.326419 0.391748 1.311343 0.290375 1.124773 0.744511 0.0 0.0
56.01 0.729439 0.380241 0.568626 1.059951 0.827922 0.500247 0.679403 1.244326 0.0 0.0
56.02 0.729439 0.380241 0.568626 1.059951 0.827922 0.500247 0.679403 1.244326 0.0 0.0
56.03 0.729439 0.380241 0.568626 1.059951 0.827922 0.500247 0.679403 1.244326 0.0 0.0
56.04 0.729439 0.380241 0.568626 1.059951 0.827922 0.500247 0.679403 1.244326 0.0 0.0
56.05 0.729439 0.380241 0.568626 1.059951 0.827922 0.500247 0.679403 1.244326 0.0 0.0
57.01 0.486901 0.711894 0.506097 0.020630 0.336291 0.602464 1.211553 0.498590 0.0 0.0
57.02 0.486901 0.711894 0.506097 0.020630 0.336291 0.602464 1.211553 0.498590 0.0 0.0
57.03 0.486901 0.711894 0.506097 0.020630 0.336291 0.602464 1.211553 0.498590 0.0 0.0
57.04 0.486901 0.711894 0.506097 0.020630 0.336291 0.602464 1.211553 0.498590 0.0 0.0
57.05 0.486901 0.711894 0.506097 0.020630 0.336291 0.602464 1.211553 0.498590 0.0 0.0
58.01 0.329959 0.652123 0.682542 0.271045 0.808268 0.769523 0.997990 0.317722 0.0 0.0
58.02 0.329959 0.652123 0.682542 0.271045 0.808268 0.769523 0.997990 0.317722 0.0 0.0
58.03 0.329959 0.652123 0.682542 0.271045 0.808268 0.769523 0.997990 0.317722 0.0 0.0
58.04 0.329959 0.652123 0.682542 0.271045 0.808268 0.769523 0.997990 0.317722 0.0 0.0
58.05 0.329959 0.652123 0.682542 0.271045 0.808268 0.769523 0.997990 0.317722 0.0 0.0
59.01 0.435544 0.211526 0.874962 0.037753 0.446595 1.041612 1.368449 1.224923 0.0 0.0
59.02 0.435544 0.211526 0.874962 0.037753 0.446595 1.041612 1.368449 1.224923 0.0 0.0
59.03 0.435544 0.211526 0.874962 0.037753 0.446595 1.041612 1.368449 1.224923 0.0 0.0
59.04 0.435544 0.211526 0.874962 0.037753 0.446595 1.041612 1.368449 1.224923 0.0 0.0
59.05 0.435544 0.211526 0.874962 0.037753 0.446595 1.041612 1.368449 1.224923 0.0 0.0
60.01 0.598183 0.788916 0.140670 0.384177 0.352606 1.010981 0.009269 0.419528 0.0 0.0
60.02 0.598183 0.788916 0.140670 0.384177 0.352606 1.010981 0.009269 0.419528 0.0 0.0
60.03 0.598183 0.788916 0.140670 0.384177 0.352606 1.010981 0.009269 0.419528 0.0 0.0
60.04 0.598183 0.788916 0.140670 0.384177 0.352606 1.010981 0.009269 0.419528 0.0 0.0
60.05 0.598183 0.788916 0.140670 0.384177 0.352606 1.010981 0.009269 0.419528 0.0 0.0
61.01 0.008509 0.772940 0.634423 1.249728 0.705201 1.360962 0.575248 0.057744 0.0 0.0
61.02 0.008509 0.772940 0.634423 1.249728 0.705201 1.360962 0.575248 0.057744 0.0 0.0
61.03 0.008509 0.772940 0.634423 1.249728 0.705201 1.360962 0.575248 0.057744 0.0 0.0
61.04 0.008509 0.772940 0.634423 1.249728 0.705201 1.360962 0.575248 0.057744 0.0 0.0
61.05 0.008509 0.772940 0.634423 1.249728 0.705201 1.360962 0.575248 0.057744 0.0 0.0
62.01 0.734243 0.604339 0.309293 1.364508 0.881870 0.692163 1.212359 0.214668 0.0 0.0
62.02 0.734243 0.604339 0.309293 1.364508 0.881870 0.692163 1.212359 0.214668 0.0 0.0
62.03 0.734243 0.604339 0.309293 1.364508 0.881870 0.692163 1.212359 0.214668 0.0 0.0
62.04 0.734243 0.604339 0.309293 1.364508 0.881870 0.692163 1.212359 0.214668 0.0 0.0
62.05 0.734243 0.604339 0.309293 1.364508 0.881870 0.692163 1.212359 0.214668 0.0 0.0
63.01 0.690353 0.675331 0.259501 0.253348 0.002165 1.462544 0.445288 0.911013 0.0 0.0
63.02 0.690353 0.675331 0.259501 0.253348 0.002165 1.462544 0.445288 0.911013 0.0 0.0
63.03 0.690353 0.675331 0.259501 0.253348 0.002165 1.462544 0.445288 0.911013 0.0 0.0
63.04 0.690353 0.675331 0.259501 0.253348 0.002165 1.462544 0.445288 0.911013 0.0 0.0
63.05 0.690353 0.675331 0.259501 0.253348 0.002165 1.462544 0.445288 0.911013 0.0 0.0
64.01 0.251666 0.707962 0.659889 0.949890 1.091351 0.167130 1.097383 0.666864 0.0 0.0
64.02 0.251666 0.707962 0.659889 0.949890 1.091351 0.167130 1.097383 0.666864 0.0 0.0
64.03 0.251666 0.707962 0.659889 0.949890 1.091351 0.167130 1.097383 0.666864 0.0 0.0
64.04 0.251666 0.707962 0.659889 0.949890 1.091351 0.167130 1.097383 0.666864 0.0 0.0
64.05 0.251666 0.707962 0.659889 0.949890 1.091351 0.167130 1.097383 0.666864 0.0 0.0
65.01 0.255965 0.606137 0.753047 0.994364 1.144509 1.356501 0.985016 0.785260 0.0 0.0
65.02 0.255965 0.606137 0.753047 0.994364 1.144509 1.356501 0.985016 0.785260 0.0 0.0
65.03 0.255965 0.606137 0.753047 0.994364 1.144509 1.356501 0.985016 0.785260 0.0 0.0
65.04 0.255965 0.606137 0.753047 0.994364 1.144509 1.356501 0.985016 0.785260 0.0 0.0
65.05 0.255965 0.606137 0.753047 0.994364 1.144509 1.356501 0.985016 0.785260 0.0 0.0
66.01 0.870784 0.476473 0.121277 1.244840 1.499987 1.051464 1.436195 0.677941 0.0 0.0
66.02 0.870784 0.476473 0.121277 1.244840 1.499987 1.051464 1.436195 0.677941 0.0 0.0
66.03 0.870784 0.476473 0.121277 1.244840 1.499987 1.051464 1.436195 0.677941 0.0 0.0
66.04 0.870784 0.476473 0.121277 1.244840 1.499987 1.051464 1.436195 0.677941 0.0 0.0
66.05 0.870784 0.476473 0.121277 1.244840 1.499987 1.051464 1.436195 0.677941 0.0 0.0
67.01 0.133052 0.744974 0.653691 0.890890 0.753225 0.167343 1.277777 1.033852 0.0 0.0
67.02 0.133052 0.744974 0.653691 0.890890 0.753225 0.167343 1.277777 1.033852 0.0 0.0
67.03 0.133052 0.744974 0.653691 0.890890 0.753225 0.167343 1.277777 1.033852 0.0 0.0
67.04 0.133052 0.744974 0.653691 0.890890 0.753225 0.167343 1.277777 1.033852 0.0 0.0
67.05 0.133052 0.744974 0.653691 0.890890 0.753225 0.167343 1.277777 1.033852 0.0 0.0
68.01 0.143105 0.395262 0.907353 0.899872 1.082876 1.115902 1.419662 0.839525 0.0 0.0
68.02 0.143105 0.395262 0.907353 0.899872 1.082876 1.115902 1.419662 0.839525 0.0 0.0
68.03 0.143105 0.395262 0.907353 0.899872 1.082876 1.115902 1.419662 0.839525 0.0 0.0
68.04 0.143105 0.395262 0.907353 0.899872 1.082876 1.115902 1.419662 0.839525 0.0 0.0
68.05 0.143105 0.395262 0.907353 0.899872 1.082876 1.115902 1.419662 0.839525 0.0 0.0
69.01 0.667134 0.678633 0.307229 0.333340 0.647274 0.955734 0.108715 1.115141 0.0 0.0
69.02 0.667134 0.678633 0.307229 0.333340 0.647274 0.955734 0.108715 1.115141 0.0 0.0
69.03 0.667134 0.678633 0.307229 0.333340 0.647274 0.955734 0.108715 1.115141 0.0 0.0
69.04 0.667134 0.678633 0.307229 0.333340 0.647274 0.955734 0.108715 1.115141 0.0 0.0
69.05 0.667134 0.678633 0.307229 0.333340 0.647274 0.955734 0.108715 1.115141 0.0 0.0
70.01 0.560689 0.240862 0.792221 1.154541 1.213395 1.182549 1.247625 0.136887 0.0 0.0
70.02 0.560689 0.240862 0.792221 1.154541 1.213395 1.182549 1.247625 0.136887 0.0 0.0
70.03 0.560689 0.240862 0.792221 1.154541 1.213395 1.182549 1.247625 0.136887 0.0 0.0
70.04 0.560689 0.240862 0.792221 1.154541 1.213395 1.182549 1.247625 0.136887 0.0 0.0
70.05 0.560689 0.240862 0.792221 1.154541 1.213395 1.182549 1.247625 0.136887 0.0 0.0
71.01 0.329035 0.611608 0.719494 0.640969 1.434459 1.252095 0.815792 1.510649 0.0 0.0
71.02 0.329035 0.611608 0.719494 0.640969 1.434459 1.252095 0.815792 1.510649 0.0 0.0
71.03 0.329035 0.611608 0.719494 0.640969 1.434459 1.252095 0.815792 1.510649 0.0 0.0
71.04 0.329035 0.611608 0.719494 0.640969 1.434459 1.252095 0.815792 1.510649 0.0 0.0
71.05 0.329035 0.611608 0.719494 0.640969 1.434459 1.252095 0.815792 1.510649 0.0 0.0
72.01 0.359402 0.589421 0.723473 0.477327 0.753500 1.475057 1.522196 0.490508 0.0 0.0
72.02 0.359402 0.589421 0.723473 0.477327 0.753500 1.475057 1.522196 0.490508 0.0 0.0
72.03 0.359402 0.589421 0.723473 0.477327 0.753500 1.475057 1.522196 0.490508 0.0 0.0
72.04 0.359402 0.589421 0.723473 0.477327 0.753500 1.475057 1.522196 0.490508 0.0 0.0
72.05 0.359402 0.589421 0.723473 0.477327 0.753500 1.475057 1.522196 0.490508 0.0 0.0
73.01 0.548223 0.500248 0.670226 1.428171 0.818451 0.774672 1.216687 1.220491 0.0 0.0
73.02 0.548223 0.500248 0.670226 1.428171 0.818451 0.774672 1.216687 1.220491 0.0 0.0
73.03 0.548223 0.500248 0.670226 1.428171 0.818451 0.774672 1.216687 1.220491 0.0 0.0
73.04 0.548223 0.500248 0.670226 1.428171 0.818451 0.774672 1.216687 1.220491 0.0 0.0
73.05 0.548223 0.500248 0.670226 1.428171 0.818451 0.774672 1.216687 1.220491 0.0 0.0
74.01 0.537401 0.649763 0.537595 1.277211 1.006021 0.673738 1.214992 0.608032 0.0 0.0
74.02 0.537401 0.649763 0.537595 1.277211 1.006021 0.673738 1.214992 0.608032 0.0 0.0
74.03 0.537401 0.649763 0.537595 1.277211 1.006021 0.673738 1.214992 0.608032 0.0 0.0
74.04 0.537401 0.649763 0.537595 1.277211 1.006021 0.673738 1.214992 0.608032 0.0 0.0
74.05 0.537401 0.649763 0.537595 1.277211 1.006021 0.673738 1.214992 0.608032 0.0 0.0
75.01 0.429932 0.185751 0.883547 1.097997 0.743406 1.216580 0.524499 1.510969 0.0 0.0
75.02 0.429932 0.185751 0.883547 1.097997 0.743406 1.216580 0.524499 1.510969 0.0 0.0
75.03 0.429932 0.185751 0.883547 1.097997 0.743406 1.216580 0.524499 1.510969 0.0 0.0
75.04 0.429932 0.185751 0.883547 1.097997 0.743406 1.216580 0.524499 1.510969 0.0 0.0
75.05 0.429932 0.185751 0.883547 1.097997 0.743406 1.216580 0.524499 1.510969 0.0 0.0
76.01 0.823672 0.116040 0.555067 0.927974 1.208439 1.247922 1.344878 0.500598 0.0 0.0
76.02 0.823672 0.116040 0.555067 0.927974 1.208439 1.247922 1.344878 0.500598 0.0 0.0
76.03 0.823672 0.116040 0.555067 0.927974 1.208439 1.247922 1.344878 0.500598 0.0 0.0
76.04 0.823672 0.116040 0.555067 0.927974 1.208439 1.247922 1.344878 0.500598 0.0 0.0
76.05 0.823672 0.116040 0.555067 0.927974 1.208439 1.247922 1.344878 0.500598 0.0 0.0
77.01 0.570634 0.034198 0.820492 1.249762 0.529449 0.226892 0.728431 1.206353 0.0 0.0
77.02 0.570634 0.034198 0.820492 1.249762 0.529449 0.226892 0.728431 1.206353 0.0 0.0
77.03 0.570634 0.034198 0.820492 1.249762 0.529449 0.226892 0.728431 1.206353 0.0 0.0
77.04 0.570634 0.034198 0.820492 1.249762 0.529449 0.226892 0.728431 1.206353 0.0 0.0
77.05 0.570634 0.034198 0.820492 1.249762 0.529449 0.226892 0.728431 1.206353 0.0 0.0
78.01 0.700985 0.337078 0.628489 1.447818 0.195277 0.285129 1.303176 1.159942 0.0 0.0
78.02 0.700985 0.337078 0.628489 1.447818 0.195277 0.285129 1.303176 1.159942 0.0 0.0
78.03 0.700985 0.337078 0.628489 1.447818 0.195277 0.285129 1.303176 1.159942 0.0 0.0
78.04 0.700985 0.337078 0.628489 1.447818 0.195277 0.285129 1.303176 1.159942 0.0 0.0
78.05 0.700985 0.337078 0.628489 1.447818 0.195277 0.285129 1.303176 1.159942 0.0 0.0
79.01 0.638713 0.270648 0.720275 1.321503 1.509009 1.545051 0.308287 0.104012 0.0 0.0
79.02 0.638713 0.270648 0.720275 1.321503 1.509009 1.545051 0.308287 0.104012 0.0 0.0
79.03 0.638713 0.270648 0.720275 1.321503 1.509009 1.545051 0.308287 0.104012 0.0 0.0
79.04 0.638713 0.270648 0.720275 1.321503 1.509009 1.545051 0.308287 0.104012 0.0 0.0
79.05 0.638713 0.270648 0.720275 1.321503 1.509009 1.545051 0.308287 0.104012 0.0 0.0
80.01 0.695288 0.703312 0.148076 1.111779 0.636808 0.448434 0.915900 0.687166 0.0 0.0
80.02 0.695288 0.703312 0.148076 1.111779 0.636808 0.448434 0.915900 0.687166 0.0 0.0
80.03 0.695288 0.703312 0.148076 1.111779 0.636808 0.448434 0.915900 0.687166 0.0 0.0
80.04 0.695288 0.703312 0.148076 1.111779 0.636808 0.448434 0.915900 0.687166 0.0 0.0
80.05 0.695288 0.703312 0.148076 1.111779 0.636808 0.448434 0.915900 0.687166 0.0 0.0
81.01 0.291223 0.792509 0.535835 0.903943 0.935619 1.313097 0.293312 0.441233 0.0 0.0
81.02 0.291223 0.792509 0.535835 0.903943 0.935619 1.313097 0.293312 0.441233 0.0 0.0
81.03 0.291223 0.792509 0.535835 0.903943 0.935619 1.313097 0.293312 0.441233 0.0 0.0
81.04 0.291223 0.792509 0.535835 0.903943 0.935619 1.313097 0.293312 0.441233 0.0 0.0
81.05 0.291223 0.792509 0.535835 0.903943 0.935619 1.313097 0.293312 0.441233 0.0 0.0
82.01 0.714140 0.534076 0.452511 1.361863 0.130243 0.483170 0.357595 0.547021 0.0 0.0
82.02 0.714140 0.534076 0.452511 1.361863 0.130243 0.483170 0.357595 0.547021 0.0 0.0
82.03 0.714140 0.534076 0.452511 1.361863 0.130243 0.483170 0.357595 0.547021 0.0 0.0
82.04 0.714140 0.534076 0.452511 1.361863 0.130243 0.483170 0.357595 0.547021 0.0 0.0
82.05 0.714140 0.534076 0.452511 1.361863 0.130243 0.483170 0.357595 0.547021 0.0 0.0
83.01 0.211537 0.573767 0.791229 0.553543 1.211895 1.116384 0.251301 1.124120 0.0 0.0
83.02 0.211537 0.573767 0.791229 0.553543 1.211895 1.116384 0.251301 1.124120 0.0 0.0
83.03 0.211537 0.573767 0.791229 0.553543 1.211895 1.116384 0.251301 1.124120 0.0 0.0
83.04 0.211537 0.573767 0.791229 0.553543 1.211895 1.116384 0.251301 1.124120 0.0 0.0
83.05 0.211537 0.573767 0.791229 0.553543 1.211895 1.116384 0.251301 1.124120 0.0 0.0
84.01 0.068889 0.119105 0.990489 0.647962 0.772268 0.683575 1.075200 0.417910 0.0 0.0
84.02 0.068889 0.119105 0.990489 0.647962 0.772268 0.683575 1.075200 0.417910 0.0 0.0
84.03 0.068889 0.119105 0.990489 0.647962 0.772268 0.683575 1.075200 0.417910 0.0 0.0
84.04 0.068889 0.119105 0.990489 0.647962 0.772268 0.683575 1.075200 0.417910 0.0 0.0
84.05 0.068889 0.119105 0.990489 0.647962 0.772268 0.683575 1.075200 0.417910 0.0 0.0
85.01 0.790282 0.263204 0.553333 0.454967 0.277037 0.129666 0.158968 0.976047 0.0 0.0
85.02 0.790282 0.263204 0.553333 0.454967 0.277037 0.129666 0.158968 0.976047 0.0 0.0
85.03 0.790282 0.263204 0.553333 0.454967 0.277037 0.129666 0.158968 0.976047 0.0 0.0
85.04 0.790282 0.263204 0.553333 0.454967 0.277037 0.129666 0.158968 0.976047 0.0 0.0
85.05 0.790282 0.263204 0.553333 0.454967 0.277037 0.129666 0.158968 0.976047 0.0 0.0
86.01 0.075989 0.400883 0.912972 0.738691 1.249105 0.699347 1.400948 0.477458 0.0 0.0
86.02 0.075989 0.400883 0.912972 0.738691 1.249105 0.699347 1.400948 0.477458 0.0 0.0
86.03 0.075989 0.400883 0.912972 0.738691 1.249105 0.699347 1.400948 0.477458 0.0 0.0
86.04 0.075989 0.400883 0.912972 0.738691 1.249105 0.699347 1.400948 0.477458 0.0 0.0
86.05 0.075989 0.400883 0.912972 0.738691 1.249105 0.699347 1.400948 0.477458 0.0 0.0
87.01 0.763968 0.587224 0.267434 0.174875 0.083623 0.814614 0.398126 0.265613 0.0 0.0
87.02 0.763968 0.587224 0.267434 0.174875 0.083623 0.814614 0.398126 0.265613 0.0 0.0
87.03 0.763968 0.587224 0.267434 0.174875 0.083623 0.814614 0.398126 0.265613 0.0 0.0
87.04 0.763968 0.587224 0.267434 0.174875 0.083623 0.814614 0.398126 0.265613 0.0 0.0
87.05 0.763968 0.587224 0.267434 0.174875 0.083623 0.814614 0.398126 0.265613 0.0 0.0
88.01 0.126915 0.625350 0.769955 1.382519 1.525499 0.434946 0.397112 1.335230 0.0 0.0
88.02 0.126915 0.625350 0.769955 1.382519 1.525499 0.434946 0.397112 1.335230 0.0 0.0
88.03 0.126915 0.625350 0.769955 1.382519 1.525499 0.434946 0.397112 1.335230 0.0 0.0
88.04 0.126915 0.625350 0.769955 1.382519 1.525499 0.434946 0.397112 1.335230 0.0 0.0
88.05 0.126915 0.625350 0.769955 1.382519 1.525499 0.434946 0.397112 1.335230 0.0 0.0
89.01 0.559097 0.439708 0.702899 1.020000 1.342328 0.242943 1.013546 0.222659 0.0 0.0
89.02 0.559097 0.439708 0.702899 1.020000 1.342328 0.242943 1.013546 0.222659 0.0 0.0
89.03 0.559097 0.439708 0.702899 1.020000 1.342328 0.242943 1.013546 0.222659 0.0 0.0
89.04 0.559097 0.439708 0.702899 1.020000 1.342328 0.242943 1.013546 0.222659 0.0 0.0
89.05 0.559097 0.439708 0.702899 1.020000 1.342328 0.242943 1.013546 0.222659 0.0 0.0
90.01 0.377961 0.554135 0.741674 1.518698 0.449257 0.184454 0.114641 0.177151 0.0 0.0
90.02 0.377961 0.554135 0.741674 1.518698 0.449257 0.184454 0.114641 0.177151 0.0 0.0
90.03 0.377961 0.554135 0.741674 1.518698 0.449257 0.184454 0.114641 0.177151 0.0 0.0
90.04 0.377961 0.554135 0.741674 1.518698 0.449257 0.184454 0.114641 0.177151 0.0 0.0
90.05 0.377961 0.554135 0.741674 1.518698 0.449257 0.184454 0.114641 0.177151 0.0 0.0
91.01 0.739041 0.272778 0.615963 0.443435 0.637884 0.598231 0.071298 0.962346 0.0 0.0
91.02 0.739041 0.272778 0.615963 0.443435 0.637884 0.598231 0.071298 0.962346 0.0 0.0
91.03 0.739041 0.272778 0.615963 0.443435 0.637884 0.598231 0.071298 0.962346 0.0 0.0
91.04 0.739041 0.272778 0.615963 0.443435 0.637884 0.598231 0.071298 0.962346 0.0 0.0
91.05 0.739041 0.272778 0.615963 0.443435 0.637884 0.598231 0.071298 0.962346 0.0 0.0
92.01 0.655991 0.334827 0.676436 1.106308 0.862806 1.065610 0.757779 0.190008 0.0 0.0
92.02 0.655991 0.334827 0.676436 1.106308 0.862806 1.065610 0.757779 0.190008 0.0 0.0
92.03 0.655991 0.334827 0.676436 1.106308 0.862806 1.065610 0.757779 0.190008 0.0 0.0
92.04 0.655991 0.334827 0.676436 1.106308 0.862806 1.065610 0.757779 0.190008 0.0 0.0
92.05 0.655991 0.334827 0.676436 1.106308 0.862806 1.065610 0.757779 0.190008 0.0 0.0
93.01 0.335009 0.723193 0.603955 0.602769 0.371442 1.506894 0.907732 1.067747 0.0 0.0
93.02 0.335009 0.723193 0.603955 0.602769 0.371442 1.506894 0.907732 1.067747 0.0 0.0
93.03 0.335009 0.723193 0.603955 0.602769 0.371442 1.506894 0.907732 1.067747 0.0 0.0
93.04 0.335009 0.723193 0.603955 0.602769 0.371442 1.506894 0.907732 1.067747 0.0 0.0
93.05 0.335009 0.723193 0.603955 0.602769 0.371442 1.506894 0.907732 1.067747 0.0 0.0
94.01 0.202025 0.890919 0.406755 1.122209 1.434766 1.000188 0.690130 0.000421 0.0 0.0
94.02 0.202025 0.890919 0.406755 1.122209 1.434766 1.000188 0.690130 0.000421 0.0 0.0
94.03 0.202025 0.890919 0.406755 1.122209 1.434766 1.000188 0.690130 0.000421 0.0 0.0
94.04 0.202025 0.890919 0.406755 1.122209 1.434766 1.000188 0.690130 0.000421 0.0 0.0
94.05 0.202025 0.890919 0.406755 1.122209 1.434766 1.000188 0.690130 0.000421 0.0 0.0
95.01 0.538076 0.480767 0.692342 0.382646 0.143787 1.512440 1.160313 1.088453 0.0 0.0
95.02 0.538076 0.480767 0.692342 0.382646 0.143787 1.512440 1.160313 1.088453 0.0 0.0
95.03 0.538076 0.480767 0.692342 0.382646 0.143787 1.512440 1.160313 1.088453 0.0 0.0
95.04 0.538076 0.480767 0.692342 0.382646 0.143787 1.512440 1.160313 1.088453 0.0 0.0
95.05 0.538076 0.480767 0.692342 0.382646 0.143787 1.512440 1.160313 1.088453 0.0 0.0
96.01 0.441541 0.155449 0.883673 0.823973 1.144438 0.352867 0.519138 0.217337 0.0 0.0
96.02 0.441541 0.155449 0.883673 0.823973 1.144438 0.352867 0.519138 0.217337 0.0 0.0
96.03 0.441541 0.155449 0.883673 0.823973 1.144438 0.352867 0.519138 0.217337 0.0 0.0
96.04 0.441541 0.155449 0.883673 0.823973 1.144438 0.352867 0.519138 0.217337 0.0 0.0
96.05 0.441541 0.155449 0.883673 0.823973 1.144438 0.352867 0.519138 0.217337 0.0 0.0
97.01 0.472448 0.536526 0.699237 0.594651 0.760969 1.382688 1.185273 1.200953 0.0 0.0
97.02 0.472448 0.536526 0.699237 0.594651 0.760969 1.382688 1.185273 1.200953 0.0 0.0
97.03 0.472448 0.536526 0.699237 0.594651 0.760969 1.382688 1.185273 1.200953 0.0 0.0
97.04 0.472448 0.536526 0.699237 0.594651 0.760969 1.382688 1.185273 1.200953 0.0 0.0
97.05 0.472448 0.536526 0.699237 0.594651 0.760969 1.382688 1.185273 1.200953 0.0 0.0
98.01 0.114584 0.964522 0.237841 0.713646 0.026823 0.600559 1.448253 0.224543 0.0 0.0
98.02 0.114584 0.964522 0.237841 0.713646 0.026823 0.600559 1.448253 0.224543 0.0 0.0
98.03 0.114584 0.964522 0.237841 0.713646 0.026823 0.600559 1.448253 0.224543 0.0 0.0
98.04 0.114584 0.964522 0.237841 0.713646 0.026823 0.600559 1.448253 0.224543 0.0 0.0
98.05 0.114584 0.964522 0.237841 0.713646 0.026823 0.600559 1.448253 0.224543 0.0 0.0
99.01 0.732375 0.636320 0.242331 0.011798 1.171711 0.166813 1.442057 1.072200 0.0 0.0
99.02 0.732375 0.636320 0.242331 0.011798 1.171711 0.166813 1.442057 1.072200 0.0 0.0
99.03 0.732375 0.636320 0.242331 0.011798 1.171711 0.166813 1.442057 1.072200 0.0 0.0
99.04 0.732375 0.636320 0.242331 0.011798 1.171711 0.166813 1.442057 1.072200 0.0 0.0
99.05 0.732375 0.636320 0.242331 0.011798 1.171711 0.166813 1.442057 1.072200 0.0 0.0
100.01 0.687592 0.190001 0.700797 0.524327 0.781589 1.419876 0.676175 0.893511 0.0 0.0
100.02 0.687592 0.190001 0.700797 0.524327 0.781589 1.419876 0.676175 0.893511 0.0 0.0
100.03 0.687592 0.190001 0.700797 0.524327 0.781589 1.419876 0.676175 0.893511 0.0 0.0
100.04 0.687592 0.190001 0.700797 0.524327 0.781589 1.419876 0.676175 0.893511 0.0 0.0
100.05 0.687592 0.190001 0.700797 0.524327 0.781589 1.419876 0.676175 0.893511 0.0 0.0
101.01 0.907271 0.417401 0.051347 0.209186 1.317956 0.666600 0.294256 0.890034 0.0 0.0
101.02 0.907271 0.417401 0.051347 0.209186 1.317956 0.666600 0.294256 0.890034 0.0 0.0
101.03 0.907271 0.417401 0.051347 0.209186 1.317956 0.666600 0.294256 0.890034 0.0 0.0
101.04 0.907271 0.417401 0.051347 0.209186 1.317956 0.666600 0.294256 0.890034 0.0 0.0
101.05 0.907271 0.417401 0.051347 0.209186 1.317956 0.666600 0.294256 0.890034 0.0 0.0
102.01 0.670627 0.676439 0.304450 0.608545 1.245395 1.073306 1.250608 1.058479 0.0 0.0
102.02 0.670627 0.676439 0.304450 0.608545 1.245395 1.073306 1.250608 1.058479 0.0 0.0
102.03 0.670627 0.676439 0.304450 0.608545 1.245395 1.073306 1.250608 1.058479 0.0 0.0
102.04 0.670627 0.676439 0.304450 0.608545 1.245395 1.073306 1.250608 1.058479 0.0 0.0
102.05 0.670627 0.676439 0.304450 0.608545 1.245395 1.073306 1.250608 1.058479 0.0 0.0
103.01 0.527222 0.682731 0.505881 1.224658 0.265769 0.603151 0.678765 1.540302 0.0 0.0
103.02 0.527222 0.682731 0.505881 1.224658 0.265769 0.603151 0.678765 1.540302 0.0 0.0
103.03 0.527222 0.682731 0.505881 1.224658 0.265769 0.603151 0.678765 1.540302 0.0 0.0
103.04 0.527222 0.682731 0.505881 1.224658 0.265769 0.603151 0.678765 1.540302 0.0 0.0
103.05 0.527222 0.682731 0.505881 1.224658 0.265769 0.603151 0.678765 1.540302 0.0 0.0
104.01 0.631734 0.762954 0.137164 0.261015 1.560043 1.187245 1.439163 0.798250 0.0 0.0
104.02 0.631734 0.762954 0.137164 0.261015 1.560043 1.187245 1.439163 0.798250 0.0 0.0
104.03 0.631734 0.762954 0.137164 0.261015 1.560043 1.187245 1.439163 0.798250 0.0 0.0
104.04 0.631734 0.762954 0.137164 0.261015 1.560043 1.187245 1.439163 0.798250 0.0 0.0
104.05 0.631734 0.762954 0.137164 0.261015 1.560043 1.187245 1.439163 0.798250 0.0 0.0
105.01 0.981439 0.119161 0.150259 0.844719 1.322467 1.508538 1.164243 1.000308 0.0 0.0
105.02 0.981439 0.119161 0.150259 0.844719 1.322467 1.508538 1.164243 1.000308 0.0 0.0
105.03 0.981439 0.119161 0.150259 0.844719 1.322467 1.508538 1.164243 1.000308 0.0 0.0
105.04 0.981439 0.119161 0.150259 0.844719 1.322467 1.508538 1.164243 1.000308 0.0 0.0
105.05 0.981439 0.119161 0.150259 0.844719 1.322467 1.508538 1.164243 1.000308 0.0 0.0
106.01 0.292982 0.944825 0.146520 0.563180 0.672545 0.309530 1.161149 0.565819 0.0 0.0
106.02 0.292982 0.944825 0.146520 0.563180 0.672545 0.309530 1.161149 0.565819 0.0 0.0
106.03 0.292982 0.944825 0.146520 0.563180 0.672545 0.309530 1.161149 0.565819 0.0 0.0
106.04 0.292982 0.944825 0.146520 0.563180 0.672545 0.309530 1.161149 0.565819 0.0 0.0
106.05 0.292982 0.944825 0.146520 0.563180 0.672545 0.309530 1.161149 0.565819 0.0 0.0
107.01 0.609829 0.606852 0.509744 0.372468 0.411874 0.285209 1.308604 0.300199 0.0 0.0
107.02 0.609829 0.606852 0.509744 0.372468 0.411874 0.285209 1.308604 0.300199 0.0 0.0
107.03 0.609829 0.606852 0.509744 0.372468 0.411874 0.285209 1.308604 0.300199 0.0 0.0
107.04 0.609829 0.606852 0.509744 0.372468 0.411874 0.285209 1.308604 0.300199 0.0 0.0
107.05 0.609829 0.606852 0.509744 0.372468 0.411874 0.285209 1.308604 0.300199 0.0 0.0
108.01 0.735779 0.674910 0.055908 0.627459 0.952444 1.146437 1.432731 0.679463 0.0 0.0
108.02 0.735779 0.674910 0.055908 0.627459 0.952444 1.146437 1.432731 0.679463 0.0 0.0
108.03 0.735779 0.674910 0.055908 0.627459 0.952444 1.146437 1.432731 0.679463 0.0 0.0
108.04 0.735779 0.674910 0.055908 0.627459 0.952444 1.146437 1.432731 0.679463 0.0 0.0
108.05 0.735779 0.674910 0.055908 0.627459 0.952444 1.146437 1.432731 0.679463 0.0 0.0
109.01 0.307885 0.766300 0.563908 0.395517 0.181735 0.753004 0.228544 0.376292 0.0 0.0
109.02 0.307885 0.766300 0.563908 0.395517 0.181735 0.753004 0.228544 0.376292 0.0 0.0
109.03 0.307885 0.766300 0.563908 0.395517 0.181735 0.753004 0.228544 0.376292 0.0 0.0
109.04 0.307885 0.766300 0.563908 0.395517 0.181735 0.753004 0.228544 0.376292 0.0 0.0
109.05 0.307885 0.766300 0.563908 0.395517 0.181735 0.753004 0.228544 0.376292 0.0 0.0
110.01 0.850544 0.359438 0.383901 1.203015 0.616423 1.058981 1.349839 1.331174 0.0 0.0
110.02 0.850544 0.359438 0.383901 1.203015 0.616423 1.058981 1.349839 1.331174 0.0 0.0
110.03 0.850544 0.359438 0.383901 1.203015 0.616423 1.058981 1.349839 1.331174 0.0 0.0
110.04 0.850544 0.359438 0.383901 1.203015 0.616423 1.058981 1.349839 1.331174 0.0 0.0
110.05 0.850544 0.359438 0.383901 1.203015 0.616423 1.058981 1.349839 1.331174 0.0 0.0
111.01 0.620397 0.584510 0.522930 1.153433 1.127616 1.555665 1.180241 0.241459 0.0 0.0
111.02 0.620397 0.584510 0.522930 1.153433 1.127616 1.555665 1.180241 0.241459 0.0 0.0
111.03 0.620397 0.584510 0.522930 1.153433 1.127616 1.555665 1.180241 0.241459 0.0 0.0
111.04 0.620397 0.584510 0.522930 1.153433 1.127616 1.555665 1.180241 0.241459 0.0 0.0
111.05 0.620397 0.584510 0.522930 1.153433 1.127616 1.555665 1.180241 0.241459 0.0 0.0
112.01 0.270807 0.028328 0.962217 0.860959 1.521683 1.176641 1.390830 1.344610 0.0 0.0
112.02 0.270807 0.028328 0.962217 0.860959 1.521683 1.176641 1.390830 1.344610 0.0 0.0
112.03 0.270807 0.028328 0.962217 0.860959 1.521683 1.176641 1.390830 1.344610 0.0 0.0
112.04 0.270807 0.028328 0.962217 0.860959 1.521683 1.176641 1.390830 1.344610 0.0 0.0
112.05 0.270807 0.028328 0.962217 0.860959 1.521683 1.176641 1.390830 1.344610 0.0 0.0
113.01 0.054694 0.828166 0.557807 1.106076 1.375684 0.206668 0.205500 0.521813 0.0 0.0
113.02 0.054694 0.828166 0.557807 1.106076 1.375684 0.206668 0.205500 0.521813 0.0 0.0
113.03 0.054694 0.828166 0.557807 1.106076 1.375684 0.206668 0.205500 0.521813 0.0 0.0
113.04 0.054694 0.828166 0.557807 1.106076 1.375684 0.206668 0.205500 0.521813 0.0 0.0
113.05 0.054694 0.828166 0.557807 1.106076 1.375684 0.206668 0.205500 0.521813 0.0 0.0
114.01 0.834795 0.080563 0.544635 0.889760 1.534806 0.610960 1.384062 1.492285 0.0 0.0
114.02 0.834795 0.080563 0.544635 0.889760 1.534806 0.610960 1.384062 1.492285 0.0 0.0
114.03 0.834795 0.080563 0.544635 0.889760 1.534806 0.610960 1.384062 1.492285 0.0 0.0
114.04 0.834795 0.080563 0.544635 0.889760 1.534806 0.610960 1.384062 1.492285 0.0 0.0
114.05 0.834795 0.080563 0.544635 0.889760 1.534806 0.610960 1.384062 1.492285 0.0 0.0
115.01 0.152750 0.729448 0.666763 0.128964 0.018223 0.387314 0.523889 0.129470 0.0 0.0
115.02 0.152750 0.729448 0.666763 0.128964 0.018223 0.387314 0.523889 0.129470 0.0 0.0
115.03 0.152750 0.729448 0.666763 0.128964 0.018223 0.387314 0.523889 0.129470 0.0 0.0
115.04 0.152750 0.729448 0.666763 0.128964 0.018223 0.387314 0.523889 0.129470 0.0 0.0
115.05 0.152750 0.729448 0.666763 0.128964 0.018223 0.387314 0.523889 0.129470 0.0 0.0
116.01 0.547329 0.518365 0.657060 1.173207 0.984052 0.005841 0.255389 1.410068 0.0 0.0
116.02 0.547329 0.518365 0.657060 1.173207 0.984052 0.005841 0.255389 1.410068 0.0 0.0
116.03 0.547329 0.518365 0.657060 1.173207 0.984052 0.005841 0.255389 1.410068 0.0 0.0
116.04 0.547329 0.518365 0.657060 1.173207 0.984052 0.005841 0.255389 1.410068 0.0 0.0
116.05 0.547329 0.518365 0.657060 1.173207 0.984052 0.005841 0.255389 1.410068 0.0 0.0
117.01 0.518891 0.467354 0.715774 0.490863 1.214797 0.383470 1.158778 0.600088 0.0 0.0
117.02 0.518891 0.467354 0.715774 0.490863 1.214797 0.383470 1.158778 0.600088 0.0 0.0
117.03 0.518891 0.467354 0.715774 0.490863 1.214797 0.383470 1.158778 0.600088 0.0 0.0
117.04 0.518891 0.467354 0.715774 0.490863 1.214797 0.383470 1.158778 0.600088 0.0 0.0
117.05 0.518891 0.467354 0.715774 0.490863 1.214797 0.383470 1.158778 0.600088 0.0 0.0
118.01 0.773743 0.613519 0.157851 1.509184 0.199593 1.431097 0.475746 1.137911 0.0 0.0
118.02 0.773743 0.613519 0.157851 1.509184 0.199593 1.431097 0.475746 1.137911 0.0 0.0
118.03 0.773743 0.613519 0.157851 1.509184 0.199593 1.431097 0.475746 1.137911 0.0 0.0
118.04 0.773743 0.613519 0.157851 1.509184 0.199593 1.431097 0.475746 1.137911 0.0 0.0
118.05 0.773743 0.613519 0.157851 1.509184 0.199593 1.431097 0.475746 1.137911 0.0 0.0
119.01 0.721012 0.450170 0.526773 0.706092 0.704585 0.670656 0.924656 1.307978 0.0 0.0
119.02 0.721012 0.450170 0.526773 0.706092 0.704585 0.670656 0.924656 1.307978 0.0 0.0
119.03 0.721012 0.450170 0.526773 0.706092 0.704585 0.670656 0.924656 1.307978 0.0 0.0
119.04 0.721012 0.450170 0.526773 0.706092 0.704585 0.670656 0.924656 1.307978 0.0 0.0
119.05 0.721012 0.450170 0.526773 0.706092 0.704585 0.670656 0.924656 1.307978 0.0 0.0
